0 0.137947 0.0253814 -1.48641 38 2 568 -1 1 -1 
1 0.145952 0.346222 -1.48562 39 357 0 -1 355 -1 
2 0.544992 0.0187578 -1.39463 0 3 567 -1 357 -1 
3 0.902181 0.0182883 -1.19072 2 6 565 -1 4 -1 
4 0.887621 0.329214 -1.20267 357 7 3 -1 5 -1 
5 0.873062 0.64014 -1.21462 358 361 4 -1 360 -1 
6 1.18509 0.0327439 -0.909035 3 363 564 -1 7 -1 
7 1.16902 0.347336 -0.928619 4 364 6 -1 361 -1 
8 1.47755 0.105005 -0.227906 363 10 562 -1 9 -1 
9 1.47404 0.445485 -0.263605 364 11 8 -1 366 -1 
10 1.48816 0.162559 0.120194 8 12 561 -1 11 -1 
11 1.49178 0.517147 0.083457 9 368 10 -1 367 -1 
12 1.42167 0.142725 0.455846 10 14 560 -1 13 -1 
13 1.42857 0.381325 0.433081 -1 369 12 -1 368 -1 
14 1.28751 0.108422 0.757947 12 15 558 -1 369 -1 
15 1.10191 0.14285 1.0104 14 373 556 -1 371 -1 
16 -0.0176864 0.406616 1.49826 378 18 197 -1 17 -1 
17 -0.0299285 0.859799 1.49705 379 19 16 -1 135 -1 
18 -0.319422 0.391483 1.46305 16 20 545 -1 19 -1 
19 -0.321856 0.81678 1.46231 17 21 18 -1 506 -1 
20 -0.600259 0.361271 1.3718 18 22 544 -1 21 -1 
21 -0.604249 0.774472 1.36966 19 23 20 -1 507 -1 
22 -0.858293 0.330723 1.22674 20 24 543 -1 23 -1 
23 -0.865409 0.735326 1.2209 21 25 22 -1 509 -1 
24 -1.08552 0.300102 1.03037 22 26 188 -1 25 -1 
25 -1.09499 0.697819 1.01883 23 27 24 -1 511 -1 
26 -1.27182 0.251992 0.787302 24 28 542 -1 27 -1 
27 -1.28146 0.632999 0.769275 25 29 26 -1 380 -1 
28 -1.40663 0.172279 0.505415 26 30 541 -1 29 -1 
29 -1.41376 0.522947 0.481929 27 -1 28 -1 381 -1 
30 -1.48148 0.14425 0.188008 28 31 540 -1 382 -1 
31 -1.48465 0.169965 -0.155839 30 32 539 -1 384 -1 
32 -1.40868 0.125974 -0.498658 31 388 538 -1 386 -1 
33 -1.22771 0.399372 -0.857105 386 36 388 -1 34 -1 
34 -1.20364 0.72217 -0.886438 387 389 33 -1 525 -1 
35 -0.996338 0.0431819 -1.11345 388 37 175 -1 36 -1 
36 -0.968793 0.36017 -1.13605 33 391 35 -1 389 -1 
37 -0.666627 0.0238052 -1.33632 35 38 534 -1 391 -1 
38 -0.279275 0.0202843 -1.47249 37 0 169 -1 39 -1 
39 -0.261187 0.337005 -1.47427 391 1 38 -1 40 -1 
40 -0.243099 0.653726 -1.47606 392 355 39 -1 394 -1 
41 0.0261058 5.49743 -2.68335 395 435 639 -1 42 -1 
42 0.0364446 5.49641 -3.12624 43 75 41 -1 691 -1 
43 0.360614 5.45056 -3.14424 44 42 395 -1 690 -1 
44 0.652993 5.34361 -3.17265 45 43 396 -1 689 -1 
45 0.914493 5.18062 -3.20513 46 44 397 -1 688 -1 
46 1.13932 4.96481 -3.23921 47 45 398 -1 687 -1 
47 1.31802 4.70087 -3.27107 48 46 400 -1 686 -1 
48 1.43968 4.39646 -3.3021 49 47 402 -1 685 -1 
49 1.49361 4.06483 -3.3482 404 48 403 -1 683 -1 
50 1.49636 3.96308 -2.6693 406 401 299 -1 403 -1 
51 1.4604 3.67184 -3.09732 52 403 406 -1 404 -1 
52 1.32901 3.3197 -3.03693 409 51 407 -1 53 -1 
53 1.35893 3.37568 -3.40899 54 404 52 -1 337 -1 
54 1.16309 3.06415 -3.43618 55 53 409 -1 679 -1 
55 0.895423 2.80373 -3.48038 675 54 410 -1 678 -1 
56 0.830704 2.75138 -2.86264 57 408 411 -1 410 -1 
57 0.500577 2.5919 -2.89791 414 56 412 -1 58 -1 
58 0.531502 2.60128 -3.20463 59 410 57 -1 675 -1 
59 0.155955 2.51536 -3.21236 417 58 414 -1 673 -1 
60 -0.574275 2.61431 -2.91463 62 416 418 -1 61 -1 
61 -0.595342 2.62558 -3.21821 63 417 60 -1 669 -1 
62 -0.893607 2.80224 -2.89208 421 60 419 -1 63 -1 
63 -0.921314 2.82498 -3.19997 422 61 62 -1 667 -1 
64 -1.21274 3.12465 -3.47763 65 667 422 -1 665 -1 
65 -1.39244 3.44782 -3.43335 67 64 424 -1 320 -1 
66 -1.47433 3.73934 -3.02955 69 424 425 -1 67 -1 
67 -1.4802 3.799 -3.40252 70 65 66 -1 664 -1 
68 -1.49409 4.05997 -2.77586 426 -1 628 -1 69 -1 
69 -1.48921 4.1095 -3.10135 71 66 68 -1 70 -1 
70 -1.48434 4.15904 -3.42685 72 67 69 -1 662 -1 
71 -1.42381 4.44878 -3.07779 428 69 426 -1 72 -1 
72 -1.4102 4.49365 -3.41044 73 70 71 -1 660 -1 
73 -1.26979 4.7911 -3.36959 431 72 428 -1 658 -1 
74 -0.565299 5.38847 -3.21032 75 433 434 -1 306 -1 
75 -0.273449 5.47307 -3.16761 42 74 435 -1 657 -1 
76 0.442042 2.51079 -2.07539 107 77 436 -1 656 -1 
77 0.733724 2.63009 -2.01429 76 78 437 -1 655 -1 
78 0.98989 2.80165 -1.91372 77 79 438 -1 654 -1 
79 1.1985 3.01412 -1.77627 78 441 439 -1 653 -1 
80 1.4925 3.96706 -1.50293 651 81 445 -1 649 -1 
81 1.42846 4.31978 -1.42154 80 645 446 -1 647 -1 
82 1.34169 4.50457 -1.03066 446 84 448 -1 645 -1 
83 1.21932 4.67155 -0.574029 448 450 449 -1 84 -1 
84 1.14031 4.80525 -0.932824 82 451 83 -1 644 -1 
85 1.03951 4.83696 -0.0910238 449 452 259 -1 450 -1 
86 0.537525 5.22593 -0.755189 451 89 453 -1 641 -1 
87 0.277392 5.2221 0.0690888 452 91 256 -1 88 -1 
88 0.248329 5.26253 -0.315786 453 92 87 -1 89 -1 
89 0.219267 5.30295 -0.700662 86 454 88 -1 90 -1 
90 0.190204 5.34338 -1.08554 641 455 89 -1 640 -1 
91 -0.130393 5.23628 0.0742749 87 456 254 -1 92 -1 
92 -0.125436 5.27342 -0.302011 88 457 91 -1 454 -1 
93 -0.926992 4.93475 -0.130481 456 461 252 -1 94 -1 
94 -0.842762 5.04077 -0.491831 457 95 93 -1 459 -1 
95 -1.13957 4.77607 -0.635022 94 462 461 -1 460 -1 
96 -1.39836 4.32 -0.46332 461 97 251 -1 462 -1 
97 -1.47865 4.02361 -0.70763 96 98 250 -1 464 -1 
98 -1.49414 3.77437 -1.00772 97 99 249 -1 466 -1 
99 -1.44734 3.47607 -1.18715 98 100 248 -1 467 -1 
100 -1.34367 3.20893 -1.36807 99 101 247 -1 468 -1 
101 -1.18856 2.97059 -1.53168 100 102 246 -1 469 -1 
102 -0.986831 2.76587 -1.6694 101 104 245 -1 103 -1 
103 -1.05624 2.86143 -1.94321 469 272 102 -1 624 -1 
104 -0.745252 2.60208 -1.77594 102 105 244 -1 272 -1 
105 -0.473581 2.48621 -1.84624 104 106 243 -1 270 -1 
106 -0.186705 2.42295 -1.8745 105 471 242 -1 470 -1 
107 0.126677 2.44863 -2.08215 470 76 471 -1 268 -1 
108 0.426224 2.00751 -1.44477 168 109 610 -1 472 -1 
109 0.706633 2.05739 -1.32209 108 608 609 -1 474 -1 
110 1.10411 1.27934 -1.01124 475 112 362 -1 479 -1 
111 1.33411 1.03989 -0.671552 362 113 365 -1 112 -1 
112 1.30806 1.34789 -0.726382 110 483 111 -1 481 -1 
113 1.45602 1.117 -0.345664 111 486 366 -1 483 -1 
114 1.41402 3.40128 0.28219 -1 495 599 -1 492 -1 
115 1.44811 1.03605 0.367262 367 117 368 -1 116 -1 
116 1.46448 1.34444 0.301092 486 118 115 -1 490 -1 
117 1.33429 1.11134 0.665708 115 119 370 -1 118 -1 
118 1.36025 1.44106 0.603144 116 120 117 -1 493 -1 
119 1.16484 1.203 0.924653 117 123 372 -1 120 -1 
120 1.19694 1.54578 0.870224 118 124 119 -1 121 -1 
121 1.22904 1.88855 0.815795 493 125 120 -1 497 -1 
122 1.01837 3.93901 0.762775 495 498 597 -1 258 -1 
123 0.949368 1.31025 1.13761 119 127 375 -1 124 -1 
124 0.984384 1.66886 1.09224 120 128 123 -1 125 -1 
125 1.0194 2.02746 1.04687 121 499 124 -1 231 -1 
126 0.661008 1.05035 1.33693 375 129 377 -1 127 -1 
127 0.695788 1.42394 1.30054 123 130 126 -1 128 -1 
128 0.730568 1.79752 1.26415 124 501 127 -1 499 -1 
129 0.375387 1.15158 1.43872 126 135 379 -1 130 -1 
130 0.409626 1.53776 1.40961 127 133 129 -1 501 -1 
131 0.283824 4.3868 0.959734 498 134 500 -1 255 -1 
132 0.22082 2.02335 1.42811 501 137 133 -1 503 -1 
133 0.201503 1.62181 1.44968 130 136 135 -1 132 -1 
134 -0.130125 4.44861 0.932091 131 505 504 -1 617 -1 
135 -0.044617 1.27384 1.48218 129 506 17 -1 133 136 
136 -0.0602375 1.68925 1.46023 133 138 135 -1 137 -1 
137 -0.075858 2.10466 1.43828 132 139 136 -1 590 -1 
138 -0.361624 1.61972 1.42006 136 142 506 -1 139 -1 
139 -0.38392 2.01946 1.39377 137 143 138 -1 140 -1 
140 -0.406216 2.41919 1.36747 590 144 139 -1 587 -1 
141 -0.588169 3.95663 1.16812 504 508 589 -1 505 -1 
142 -0.653331 1.55971 1.31665 138 146 507 -1 143 -1 
143 -0.682207 1.94922 1.28246 139 147 142 -1 144 -1 
144 -0.711084 2.33873 1.24827 140 148 143 -1 586 -1 
145 -0.928153 4.11806 0.729747 505 -1 508 -1 615 -1 
146 -0.919869 1.50959 1.15256 142 512 509 -1 147 -1 
147 -0.952725 1.89239 1.10761 143 149 146 -1 148 -1 
148 -0.985581 2.27519 1.06265 144 150 147 -1 585 -1 
149 -1.18388 1.87175 0.871503 147 515 512 -1 150 -1 
150 -1.21735 2.25791 0.813197 148 151 149 -1 219 -1 
151 -1.37996 2.11872 0.537501 150 154 515 -1 582 -1 
152 -1.39247 3.42311 0.367753 510 518 584 -1 513 -1 
153 -1.47569 3.50575 -0.134687 513 155 518 -1 250 -1 
154 -1.47174 1.90401 0.251224 151 156 517 -1 580 -1 
155 -1.49285 3.24368 -0.39425 153 157 520 -1 249 -1 
156 -1.49729 1.70786 -0.052603 154 158 519 -1 578 -1 
157 -1.44604 2.99655 -0.641529 155 159 522 -1 248 -1 
158 -1.45382 1.55475 -0.366514 156 161 521 -1 576 -1 
159 -1.34234 2.77539 -0.875163 157 162 523 -1 247 -1 
160 -1.36693 1.10833 -0.611604 521 525 387 -1 161 -1 
161 -1.33828 1.42988 -0.672705 158 163 160 -1 574 -1 
162 -1.18726 2.58343 -1.08855 159 164 524 -1 246 -1 
163 -1.1516 1.33156 -0.954167 161 527 525 -1 573 -1 
164 -0.986167 2.42277 -1.27337 162 165 526 -1 245 -1 
165 -0.745703 2.29793 -1.4223 164 166 528 -1 244 -1 
166 -0.474851 2.21548 -1.5298 165 612 530 -1 243 -1 
167 -0.225583 1.25136 -1.47592 529 532 394 -1 570 -1 
168 0.12276 2.0093 -1.51755 531 108 569 -1 241 -1 
169 -0.291894 -0.293927 -1.47125 534 568 533 -1 38 -1 
170 -0.315299 -0.921505 -1.4643 171 212 -1 -1 533 -1 
171 -0.703734 -0.920777 -1.31649 173 170 -1 -1 172 -1 
172 -0.691281 -0.603884 -1.32314 174 533 171 -1 534 -1 
173 -1.03084 -0.919318 -1.08513 176 171 -1 -1 174 -1 
174 -1.02004 -0.596588 -1.094 535 172 173 -1 175 -1 
175 -1.00923 -0.273858 -1.10287 536 534 174 -1 35 -1 
176 -1.27126 -0.914326 -0.788356 177 173 -1 -1 535 -1 
177 -1.42123 -0.91125 -0.457287 178 176 -1 -1 537 -1 
178 -1.48847 -0.910329 -0.117062 180 177 -1 -1 179 -1 
179 -1.48773 -0.551646 -0.12456 181 537 178 -1 539 -1 
180 -1.47887 -0.915093 0.214506 182 178 -1 -1 181 -1 
181 -1.47931 -0.575465 0.210043 183 179 180 -1 540 -1 
182 -1.40126 -0.907799 0.523118 184 180 -1 -1 183 -1 
183 -1.40185 -0.538995 0.521185 185 181 182 -1 541 -1 
184 -1.26573 -0.902724 0.798704 186 182 -1 -1 185 -1 
185 -1.26542 -0.513618 0.799277 187 183 184 -1 542 -1 
186 -1.08237 -0.899502 1.0342 189 184 -1 -1 187 -1 
187 -1.08042 -0.497511 1.03658 190 185 186 -1 188 -1 
188 -1.07847 -0.0955198 1.03895 543 542 187 -1 24 -1 
189 -0.860249 -0.897015 1.22513 191 186 -1 -1 190 -1 
190 -0.856557 -0.485077 1.22816 192 187 189 -1 543 -1 
191 -0.606253 -0.894545 1.36859 193 189 -1 -1 192 -1 
192 -0.601764 -0.472727 1.37099 194 190 191 -1 544 -1 
193 -0.324074 -0.8925 1.46164 195 191 -1 -1 194 -1 
194 -0.320944 -0.462498 1.46259 196 192 193 -1 545 -1 
195 -0.0199228 -0.89377 1.49804 198 193 -1 -1 196 -1 
196 -0.013559 -0.468852 1.49866 546 194 195 -1 197 -1 
197 -0.00719514 -0.0439337 1.49929 547 545 196 -1 16 -1 
198 0.285636 -0.898161 1.47187 548 195 -1 -1 546 -1 
199 1.26846 -0.914238 0.793586 200 554 -1 -1 557 -1 
200 1.40929 -0.907939 0.496664 201 199 -1 -1 559 -1 
201 1.48399 -0.91254 0.162505 203 200 -1 -1 202 -1 
202 1.48488 -0.5627 0.15351 204 559 201 -1 561 -1 
203 1.48071 -0.915843 -0.195889 205 201 -1 -1 204 -1 
204 1.48 -0.579214 -0.203106 206 202 203 -1 562 -1 
205 1.38988 -0.918331 -0.560631 208 203 -1 -1 206 -1 
206 1.38837 -0.591653 -0.565614 563 204 205 -1 207 -1 
207 1.38686 -0.264976 -0.570598 564 562 206 -1 363 -1 
208 1.19087 -0.921315 -0.902004 209 205 -1 -1 563 -1 
209 0.899386 -0.92181 -1.19301 211 208 -1 -1 210 -1 
210 0.901339 -0.609052 -1.19141 566 563 209 -1 565 -1 
211 0.529959 -0.921175 -1.39919 212 209 -1 -1 566 -1 
212 0.110173 -0.921142 -1.48915 170 211 -1 -1 213 -1 
213 0.120795 -0.605712 -1.4881 533 566 212 -1 568 -1 
214 0.139148 1.52529 -1.48225 570 240 532 -1 569 -1 
215 -0.204368 1.7809 -1.47417 216 569 570 -1 531 -1 
216 -0.522773 1.77979 -1.39918 217 215 571 -1 530 -1 
217 -0.812281 1.83108 -1.26218 218 216 572 -1 528 -1 
218 -1.06065 1.92422 -1.07233 575 217 573 -1 526 -1 
219 -1.2885 2.65198 0.68386 585 582 150 -1 584 -1 
220 -1.1265 3.01483 0.888504 222 -1 585 -1 221 -1 
221 -1.20077 3.37765 0.782878 223 584 220 -1 510 -1 
222 -0.8363 3.09425 1.14507 588 220 586 -1 223 -1 
223 -0.912511 3.46736 1.06587 589 221 222 -1 508 -1 
224 -0.140553 3.31567 1.37254 227 588 591 -1 225 -1 
225 -0.14484 3.72059 1.35222 228 589 224 -1 504 -1 
226 0.237972 2.84359 1.38618 229 591 503 -1 227 -1 
227 0.26309 3.24105 1.36425 592 224 226 -1 228 -1 
228 0.288209 3.63851 1.34232 593 225 227 -1 500 -1 
229 0.528964 2.7028 1.31679 230 226 502 -1 592 -1 
230 0.809936 2.55061 1.18575 231 229 499 -1 595 -1 
231 1.05934 2.38734 0.997392 497 230 125 -1 232 -1 
232 1.1258 2.71246 0.903326 234 595 231 -1 233 -1 
233 1.19092 3.04061 0.810111 235 596 232 -1 598 -1 
234 1.309 2.53816 0.650926 236 232 497 -1 235 -1 
235 1.36083 2.8474 0.541883 237 233 234 -1 599 -1 
236 1.43475 2.40237 0.355815 -1 234 494 -1 237 -1 
237 1.47021 2.7179 0.227813 238 235 236 -1 600 -1 
238 1.49711 2.4186 -0.022034 239 237 491 -1 601 -1 
239 1.47301 2.23185 -0.313094 603 238 488 -1 602 -1 
240 0.48565 1.50016 -1.41099 214 476 473 -1 610 -1 
241 0.117494 2.18325 -1.601 612 472 168 -1 611 -1 
242 -0.171403 2.35079 -1.67444 243 611 612 -1 106 -1 
243 -0.446371 2.40019 -1.631 244 242 166 -1 105 -1 
244 -0.711045 2.49528 -1.54811 245 243 165 -1 104 -1 
245 -0.950978 2.63339 -1.42782 246 244 164 -1 102 -1 
246 -1.15602 2.81022 -1.27416 247 245 162 -1 101 -1 
247 -1.31818 3.02156 -1.09283 248 246 159 -1 100 -1 
248 -1.43064 3.26545 -0.892362 249 247 157 -1 99 -1 
249 -1.48743 3.5362 -0.677626 250 248 155 -1 98 -1 
250 -1.48075 3.8006 -0.424087 251 249 153 -1 97 -1 
251 -1.39967 4.07918 -0.166431 614 250 513 -1 96 -1 
252 -0.960335 4.73972 0.196344 253 614 615 -1 93 -1 
253 -0.574492 4.98812 0.347056 254 252 616 -1 456 -1 
254 -0.134676 5.09864 0.40451 256 253 617 -1 91 -1 
255 0.280213 4.73202 0.680616 257 617 131 -1 256 -1 
256 0.29166 5.0646 0.409574 618 254 255 -1 87 -1 
257 0.669769 4.54242 0.632161 258 255 498 -1 618 -1 
258 0.99746 4.28925 0.509564 496 257 122 -1 259 -1 
259 1.03733 4.59282 0.221575 619 618 258 -1 85 -1 
260 1.41734 3.91727 -0.124542 261 619 492 -1 620 -1 
261 1.48552 3.62824 -0.364364 262 260 489 -1 621 -1 
262 1.48361 3.35131 -0.59982 263 261 485 -1 444 -1 
263 1.41865 3.10872 -0.839636 264 262 482 -1 442 -1 
264 1.29643 2.89617 -1.06582 265 263 480 -1 440 -1 
265 1.12375 2.71225 -1.26481 266 264 478 -1 439 -1 
266 0.90871 2.55867 -1.42772 267 265 477 -1 438 -1 
267 0.660429 2.44155 -1.55111 622 266 474 -1 437 -1 
268 0.135563 2.48614 -2.32274 269 656 107 -1 413 -1 
269 -0.208395 2.49522 -2.33456 271 268 470 -1 415 -1 
270 -0.511099 2.53417 -2.0886 272 470 105 -1 271 -1 
271 -0.534302 2.57851 -2.34122 623 269 270 -1 418 -1 
272 -0.801897 2.67017 -2.0338 103 270 104 -1 623 -1 
273 -1.42427 3.49288 -1.99608 274 625 468 -1 627 -1 
274 -1.48796 3.80333 -1.83869 276 273 467 -1 275 -1 
275 -1.49437 3.90281 -2.1436 629 627 274 -1 628 -1 
276 -1.47711 4.15429 -1.77515 277 274 466 -1 629 -1 
277 -1.38981 4.46968 -1.62454 633 276 465 -1 631 -1 
278 -0.99278 5.00194 -1.35394 280 633 460 -1 279 -1 
279 -0.959038 5.06708 -1.73037 281 634 278 -1 636 -1 
280 -0.706268 5.19158 -1.2456 283 278 459 -1 281 -1 
281 -0.676642 5.24544 -1.63213 284 279 280 -1 282 -1 
282 -0.647016 5.2993 -2.01866 285 636 281 -1 638 -1 
283 -0.387223 5.31085 -1.15275 455 280 458 -1 284 -1 
284 -0.363271 5.35663 -1.54708 287 281 283 -1 285 -1 
285 -0.33932 5.40242 -1.9414 288 282 284 -1 286 -1 
286 -0.315368 5.4482 -2.33572 639 638 285 -1 435 -1 
287 -0.0522668 5.39396 -1.46428 640 284 455 -1 288 -1 
288 -0.0239551 5.43555 -1.86255 289 285 640 287 639 -1 
289 0.423256 5.37567 -1.93 292 288 642 -1 290 -1 
290 0.391909 5.42356 -2.32143 293 639 289 -1 395 -1 
291 0.76067 5.19683 -1.5977 294 642 643 -1 292 -1 
292 0.725177 5.25385 -1.9825 295 289 291 -1 293 -1 
293 0.689684 5.31088 -2.3673 296 290 292 -1 396 -1 
294 1.03056 5.00202 -1.66767 646 291 644 -1 295 -1 
295 0.993021 5.07045 -2.0434 297 292 294 -1 296 -1 
296 0.955484 5.13888 -2.41912 298 293 295 -1 397 -1 
297 1.21708 4.82985 -2.10512 648 295 646 -1 298 -1 
298 1.18137 4.91059 -2.4707 399 296 297 -1 398 -1 
299 1.49057 3.88732 -2.35266 405 650 652 -1 50 -1 
300 1.39425 3.38111 -1.89449 653 651 441 -1 301 -1 
301 1.41418 3.48555 -2.21742 302 652 300 -1 405 -1 
302 1.27665 3.20747 -2.387 303 301 653 -1 407 -1 
303 1.06881 2.94738 -2.48579 411 302 654 -1 408 -1 
304 -0.243782 5.47599 -4.00629 353 307 657 -1 305 -1 
305 -0.231462 5.4772 -4.42052 354 308 304 -1 -1 -1 
306 -0.544842 5.39467 -3.62042 657 309 74 -1 307 -1 
307 -0.532152 5.39852 -4.02171 304 310 306 -1 308 -1 
308 -0.519462 5.40237 -4.423 305 311 307 -1 -1 -1 
309 -0.814939 5.25705 -3.65131 306 312 433 -1 310 -1 
310 -0.802816 5.26353 -4.03851 307 313 309 -1 311 -1 
311 -0.790692 5.27001 -4.42571 308 314 310 -1 -1 -1 
312 -1.05737 5.06336 -3.6844 309 658 431 -1 313 -1 
313 -1.04654 5.07225 -4.0565 310 659 312 -1 314 -1 
314 -1.0357 5.08114 -4.4286 311 315 313 -1 -1 -1 
315 -1.24315 4.8383 -4.43155 314 316 659 -1 -1 -1 
316 -1.39508 4.54349 -4.43542 315 317 661 -1 -1 -1 
317 -1.47936 4.20959 -4.43522 316 319 663 -1 -1 -1 
318 -1.48414 3.83893 -4.09075 663 321 664 -1 319 -1 
319 -1.48546 3.85242 -4.43412 317 322 318 -1 -1 -1 
320 -1.39857 3.468 -3.77089 664 665 65 -1 321 -1 
321 -1.40202 3.47938 -4.10353 318 666 320 -1 322 -1 
322 -1.40547 3.49076 -4.43618 319 323 321 -1 -1 -1 
323 -1.23222 3.14839 -4.43984 322 325 666 -1 -1 -1 
324 -0.957585 2.85475 -4.13281 666 327 668 -1 325 -1 
325 -0.959807 2.85657 -4.44089 323 328 324 -1 -1 -1 
326 -0.61561 2.63641 -3.82908 668 671 669 -1 327 -1 
327 -0.614517 2.63582 -4.13517 324 672 326 -1 328 -1 
328 -0.613423 2.63524 -4.44127 325 329 327 -1 -1 -1 
329 -0.210968 2.52078 -4.44103 328 331 672 -1 -1 -1 
330 0.194977 2.5192 -4.13427 672 677 674 -1 331 -1 
331 0.207035 2.52039 -4.44112 329 332 330 -1 -1 -1 
332 0.600485 2.62832 -4.43924 331 334 677 -1 -1 -1 
333 0.92209 2.82562 -4.11053 677 335 678 -1 334 -1 
334 0.936211 2.83721 -4.4373 332 336 333 -1 -1 -1 
335 1.19065 3.09773 -4.09678 333 338 679 -1 336 -1 
336 1.2025 3.11218 -4.43509 334 680 335 -1 -1 -1 
337 1.37262 3.40128 -3.75594 679 681 53 -1 338 -1 
338 1.38089 3.41676 -4.09541 335 682 337 -1 680 -1 
339 1.47795 3.77609 -4.43166 680 340 682 -1 -1 -1 
340 1.48847 4.11706 -4.42896 339 342 684 -1 -1 -1 
341 1.42881 4.4323 -4.04679 684 343 685 -1 342 -1 
342 1.42662 4.43952 -4.42704 340 344 341 -1 -1 -1 
343 1.30393 4.72723 -4.03598 341 345 686 -1 344 -1 
344 1.30189 4.73105 -4.4253 342 346 343 -1 -1 -1 
345 1.12536 4.98182 -4.02385 343 347 687 -1 346 -1 
346 1.1244 4.98299 -4.42335 344 348 345 -1 -1 -1 
347 0.902998 5.19005 -4.01135 345 349 688 -1 348 -1 
348 0.903437 5.18969 -4.42134 346 350 347 -1 -1 -1 
349 0.644926 5.34792 -3.99975 347 351 689 -1 350 -1 
350 0.646729 5.34696 -4.41947 348 352 349 -1 -1 -1 
351 0.357422 5.45153 -3.99041 349 353 690 -1 352 -1 
352 0.36286 5.44988 -4.41797 350 354 351 -1 -1 -1 
353 0.0553174 5.49455 -3.99274 351 304 691 -1 354 -1 
354 0.0655339 5.49355 -4.41834 352 305 353 -1 -1 -1 
355 0.148303 0.662662 -1.48539 40 358 1 -1 356 -1 
356 0.146117 0.975571 -1.48561 394 359 355 -1 532 -1 
357 0.537299 0.329935 -1.39696 1 4 2 -1 358 -1 
358 0.52755 0.640502 -1.39992 355 5 357 -1 359 -1 
359 0.517801 0.951069 -1.40287 356 360 358 -1 473 -1 
360 0.857476 0.951868 -1.22741 359 362 5 -1 475 -1 
361 1.15118 0.665193 -0.950356 5 365 7 -1 362 -1 
362 1.13254 0.984547 -0.973078 360 111 361 -1 110 -1 
363 1.38256 0.0616321 -0.580116 6 8 207 -1 364 -1 
364 1.36686 0.388536 -0.609496 7 9 363 -1 365 -1 
365 1.35116 0.715439 -0.638876 361 366 364 -1 111 -1 
366 1.46923 0.785296 -0.29906 365 367 9 -1 113 -1 
367 1.49543 0.875329 0.0463722 366 115 11 -1 486 -1 
368 1.43826 0.719701 0.401136 11 370 13 -1 115 -1 
369 1.30172 0.434816 0.731356 13 371 14 -1 370 -1 
370 1.31604 0.774815 0.704574 368 372 369 -1 117 -1 
371 1.12022 0.496341 0.988085 369 374 15 -1 372 -1 
372 1.13841 0.854112 0.965924 370 375 371 -1 119 -1 
373 0.874966 0.195157 1.21306 15 376 553 -1 374 -1 
374 0.895626 0.572159 1.1961 371 377 373 -1 375 -1 
375 0.916287 0.949161 1.17914 372 126 374 -1 123 -1 
376 0.615399 0.258712 1.3637 373 378 550 -1 377 -1 
377 0.637339 0.656136 1.35198 374 379 376 -1 126 -1 
378 0.328112 0.326459 1.46042 376 16 547 -1 379 -1 
379 0.349161 0.745457 1.45403 377 17 378 -1 129 -1 
380 -1.29256 0.989381 0.748509 511 381 27 -1 514 -1 
381 -1.42118 0.842423 0.457465 380 382 29 -1 516 -1 
382 -1.4856 0.620729 0.146236 381 384 30 -1 383 -1 
383 -1.48914 0.985473 0.110298 516 385 382 -1 519 -1 
384 -1.48099 0.532848 -0.192966 382 386 31 -1 385 -1 
385 -1.47738 0.872644 -0.229651 383 387 384 -1 521 -1 
386 -1.39784 0.458579 -0.534413 384 33 32 -1 387 -1 
387 -1.38707 0.785381 -0.569886 385 34 386 -1 160 -1 
388 -1.25043 0.0773751 -0.82732 32 35 536 -1 33 -1 
389 -0.943559 0.674912 -1.15676 34 392 36 -1 390 -1 
390 -0.921014 0.987039 -1.17526 525 393 389 -1 527 -1 
391 -0.640257 0.337793 -1.35042 36 39 37 -1 392 -1 
392 -0.619454 0.651083 -1.36154 389 40 391 -1 393 -1 
393 -0.598651 0.964372 -1.37266 390 394 392 -1 529 -1 
394 -0.230804 0.972899 -1.47727 393 356 40 -1 167 -1 
395 0.370247 5.44763 -2.7237 396 41 290 -1 43 -1 
396 0.66594 5.33669 -2.76265 397 395 293 -1 44 -1 
397 0.930865 5.16718 -2.80598 398 396 296 -1 45 -1 
398 1.15792 4.94214 -2.85075 400 397 298 -1 46 -1 
399 1.35673 4.62844 -2.51244 401 298 648 -1 400 -1 
400 1.33622 4.66682 -2.89012 402 398 399 -1 47 -1 
401 1.46766 4.30424 -2.57105 50 399 650 -1 402 -1 
402 1.45332 4.35149 -2.93397 403 400 401 -1 48 -1 
403 1.4986 4.01426 -3.00971 51 402 50 -1 49 -1 
404 1.4726 3.72182 -3.41246 53 49 51 -1 681 -1 
405 1.43364 3.58362 -2.54146 407 299 301 -1 406 -1 
406 1.4453 3.62207 -2.78001 -1 50 405 -1 51 -1 
407 1.30316 3.27134 -2.70537 408 405 302 -1 52 -1 
408 1.09846 2.98539 -2.79572 56 407 303 -1 409 -1 
409 1.12792 3.0213 -3.10655 410 52 408 -1 54 -1 
410 0.860922 2.77542 -3.16855 58 409 56 -1 55 -1 
411 0.795924 2.73279 -2.55379 412 303 655 -1 56 -1 
412 0.479535 2.58552 -2.59107 413 411 656 -1 57 -1 
413 0.136943 2.51349 -2.58979 415 412 268 -1 414 -1 
414 0.141535 2.51394 -2.90286 416 57 413 -1 59 -1 
415 -0.213621 2.52104 -2.59983 418 413 269 -1 416 -1 
416 -0.221974 2.52186 -2.90457 60 414 415 -1 417 -1 
417 -0.230327 2.52269 -3.20931 61 59 416 -1 670 -1 
418 -0.554275 2.60819 -2.61034 419 415 271 -1 60 -1 
419 -0.86457 2.77841 -2.58272 420 418 623 -1 62 -1 
420 -1.12288 3.01516 -2.52194 626 419 624 -1 421 -1 
421 -1.15358 3.05256 -2.84223 423 62 420 -1 422 -1 
422 -1.18427 3.08996 -3.16252 424 63 421 -1 64 -1 
423 -1.34586 3.35121 -2.76765 425 421 626 -1 424 -1 
424 -1.37104 3.39832 -3.0988 66 422 423 -1 65 -1 
425 -1.46348 3.682 -2.66764 628 423 627 -1 66 -1 
426 -1.4372 4.40465 -2.73847 427 68 630 -1 71 -1 
427 -1.30974 4.71636 -2.65861 429 426 632 -1 428 -1 
428 -1.28982 4.75364 -3.01503 430 71 427 -1 73 -1 
429 -1.12236 4.98547 -2.56294 637 427 635 -1 430 -1 
430 -1.09844 5.01462 -2.93743 432 428 429 -1 431 -1 
431 -1.07452 5.04377 -3.31193 433 73 430 -1 312 -1 
432 -0.860773 5.2247 -2.86643 434 430 637 -1 433 -1 
433 -0.835828 5.24517 -3.25743 74 431 432 -1 309 -1 
434 -0.588834 5.3779 -2.80285 435 432 638 -1 74 -1 
435 -0.292944 5.47108 -2.74442 41 434 286 -1 75 -1 
436 0.410344 2.46508 -1.83891 471 437 622 -1 76 -1 
437 0.68182 2.5648 -1.76195 436 438 267 -1 77 -1 
438 0.925017 2.71007 -1.64559 437 439 266 -1 78 -1 
439 1.13045 2.89243 -1.49217 438 440 265 -1 79 -1 
440 1.29259 3.10284 -1.30404 439 442 264 -1 441 -1 
441 1.35005 3.24834 -1.59401 79 443 440 -1 300 -1 
442 1.40984 3.33829 -1.09239 440 444 263 -1 443 -1 
443 1.44829 3.50228 -1.3876 441 445 442 -1 651 -1 
444 1.47843 3.59487 -0.861213 442 621 262 -1 445 -1 
445 1.49247 3.77492 -1.17016 443 446 444 -1 80 -1 
446 1.47131 4.13971 -1.08126 445 82 447 -1 81 -1 
447 1.48016 4.02705 -0.886591 -1 448 621 -1 446 -1 
448 1.39955 4.33959 -0.690091 447 83 620 -1 82 -1 
449 1.29033 4.51982 -0.227832 620 85 619 -1 83 -1 
450 0.953748 4.94517 -0.461621 83 453 85 -1 451 -1 
451 0.867833 5.0535 -0.832156 84 86 450 -1 643 -1 
452 0.674343 5.08502 0.012411 85 87 618 -1 453 -1 
453 0.600413 5.16266 -0.369904 450 88 452 -1 86 -1 
454 -0.109519 5.31205 -0.682163 89 458 92 -1 455 -1 
455 -0.0806172 5.35244 -1.0669 90 283 454 -1 287 -1 
456 -0.547033 5.14875 0.00241845 91 93 253 -1 457 -1 
457 -0.492644 5.20309 -0.382286 92 94 456 -1 458 -1 
458 -0.438255 5.25744 -0.76699 454 459 457 -1 283 -1 
459 -0.768732 5.12052 -0.866675 458 460 94 -1 280 -1 
460 -1.05716 4.91196 -0.986003 459 463 95 -1 278 -1 
461 -1.22191 4.63888 -0.284532 93 96 614 -1 95 -1 
462 -1.34188 4.4793 -0.791155 95 464 96 -1 463 -1 
463 -1.27814 4.63481 -1.12824 460 465 462 -1 633 -1 
464 -1.45541 4.18437 -0.994667 462 -1 97 -1 465 -1 
465 -1.41586 4.34932 -1.30491 463 466 464 -1 277 -1 
466 -1.48631 4.02356 -1.43911 465 467 98 -1 276 -1 
467 -1.47776 3.66207 -1.51434 466 468 99 -1 274 -1 
468 -1.39735 3.3648 -1.66882 467 469 100 -1 273 -1 
469 -1.25585 3.09715 -1.81909 468 103 101 -1 625 -1 
470 -0.197395 2.45757 -2.09386 270 107 106 -1 269 -1 
471 0.12644 2.41651 -1.8731 106 436 611 -1 107 -1 
472 0.412918 2.19104 -1.54032 241 474 108 -1 622 -1 
473 0.504489 1.22836 -1.40595 532 475 359 -1 240 -1 
474 0.689902 2.25161 -1.43445 472 477 109 -1 267 -1 
475 0.832389 1.23766 -1.24893 473 110 360 -1 476 -1 
476 0.80446 1.51806 -1.26493 240 479 475 -1 609 -1 
477 0.938194 2.35395 -1.2838 474 478 608 -1 266 -1 
478 1.14817 2.48932 -1.09265 477 480 606 -1 265 -1 
479 1.07494 1.57348 -1.05057 476 481 110 -1 607 -1 
480 1.31283 2.65075 -0.867251 478 482 604 -1 264 -1 
481 1.28026 1.6632 -0.785524 479 484 112 -1 605 -1 
482 1.42697 2.83455 -0.615658 480 485 602 -1 263 -1 
483 1.43726 1.44549 -0.416842 112 487 113 -1 484 -1 
484 1.4184 1.77485 -0.488479 481 488 483 -1 603 -1 
485 1.48585 3.05966 -0.360813 482 489 601 -1 262 -1 
486 1.49917 1.21691 -0.0161359 113 116 367 -1 487 -1 
487 1.49269 1.55082 -0.0930227 483 490 486 -1 488 -1 
488 1.48622 1.88472 -0.16991 484 491 487 -1 239 -1 
489 1.48334 3.32557 -0.110646 485 492 600 -1 261 -1 
490 1.47461 1.65336 0.232385 487 493 116 -1 491 -1 
491 1.48041 1.96265 0.161922 488 494 490 -1 238 -1 
492 1.40914 3.68155 0.0913125 489 496 114 -1 260 -1 
493 1.38607 1.77056 0.540511 490 121 118 -1 494 -1 
494 1.4025 2.08674 0.473536 491 497 493 -1 236 -1 
495 1.26526 3.66867 0.540518 114 122 598 -1 496 -1 
496 1.25338 3.99191 0.320658 492 258 495 -1 619 -1 
497 1.25827 2.22786 0.758014 494 231 121 -1 234 -1 
498 0.679352 4.1839 0.913202 122 131 594 -1 257 -1 
499 0.763713 2.17612 1.22827 125 502 128 -1 230 -1 
500 0.305639 4.02414 1.24637 594 504 228 -1 131 -1 
501 0.446456 1.92665 1.3795 128 132 130 -1 502 -1 
502 0.484302 2.31661 1.34901 499 503 501 -1 229 -1 
503 0.215079 2.44442 1.40798 502 590 132 -1 226 -1 
504 -0.137286 4.10257 1.21158 500 141 225 -1 134 -1 
505 -0.557875 4.31199 0.89999 134 145 141 -1 616 -1 
506 -0.338981 1.22046 1.44643 135 507 19 -1 138 -1 
507 -0.622608 1.17221 1.35165 506 509 21 -1 142 -1 
508 -0.953199 3.80994 0.94442 141 510 223 -1 145 -1 
509 -0.884055 1.12903 1.19961 507 511 23 -1 146 -1 
510 -1.21684 3.7198 0.604248 508 152 221 -1 613 -1 
511 -1.1122 1.08556 0.994033 509 380 25 -1 512 -1 
512 -1.14844 1.47982 0.932273 146 514 511 -1 149 -1 
513 -1.38506 3.7913 0.119811 613 153 152 -1 251 -1 
514 -1.32134 1.3652 0.679154 512 516 380 -1 515 -1 
515 -1.35067 1.74192 0.608298 149 517 514 -1 151 -1 
516 -1.43433 1.17489 0.40717 514 383 381 -1 517 -1 
517 -1.45354 1.53921 0.329451 515 519 516 -1 154 -1 
518 -1.47709 3.14795 0.110981 152 520 583 -1 153 -1 
519 -1.49585 1.34807 0.0296045 517 521 383 -1 156 -1 
520 -1.49254 2.91033 -0.160018 518 522 581 -1 155 -1 
521 -1.47185 1.21648 -0.292661 519 160 385 -1 158 -1 
522 -1.4479 2.6965 -0.427784 520 523 579 -1 157 -1 
523 -1.34873 2.50694 -0.684677 522 524 577 -1 159 -1 
524 -1.19897 2.34128 -0.921609 523 526 575 -1 162 -1 
525 -1.18126 1.03474 -0.914144 160 390 34 -1 163 -1 
526 -1.00238 2.20192 -1.12988 524 528 218 -1 164 -1 
527 -0.894712 1.27048 -1.19824 163 529 390 -1 572 -1 
528 -0.763938 2.09406 -1.3012 526 530 217 -1 165 -1 
529 -0.579685 1.24167 -1.38238 527 167 393 -1 571 -1 
530 -0.491078 2.02516 -1.42829 528 531 216 -1 166 -1 
531 -0.192736 2.00777 -1.50814 530 168 215 -1 612 -1 
532 0.145249 1.2573 -1.48356 167 473 356 -1 214 -1 
533 -0.303618 -0.607716 -1.46785 172 213 170 -1 169 -1 
534 -0.679506 -0.289807 -1.32944 175 169 172 -1 37 -1 
535 -1.26529 -0.581426 -0.799515 537 174 176 -1 536 -1 
536 -1.25923 -0.251438 -0.810856 538 175 535 -1 388 -1 
537 -1.41823 -0.558469 -0.467176 179 535 177 -1 538 -1 
538 -1.41485 -0.217146 -0.478319 539 536 537 -1 32 -1 
539 -1.48684 -0.19567 -0.13363 540 538 179 -1 31 -1 
540 -1.4798 -0.23228 0.205068 541 539 181 -1 30 -1 
541 -1.40248 -0.172168 0.519103 542 540 183 -1 28 -1 
542 -1.26513 -0.124763 0.799822 188 541 185 -1 26 -1 
543 -0.852908 -0.0734492 1.23116 544 188 190 -1 22 -1 
544 -0.5973 -0.0518187 1.37338 545 543 192 -1 20 -1 
545 -0.317572 -0.0335644 1.46361 197 544 194 -1 18 -1 
546 0.297268 -0.491596 1.46977 549 196 198 -1 547 -1 
547 0.308588 -0.0861728 1.46634 550 197 546 -1 378 -1 
548 0.574371 -0.902891 1.38563 551 198 -1 -1 549 -1 
549 0.585541 -0.51628 1.37966 552 546 548 -1 550 -1 
550 0.596712 -0.12967 1.37369 553 547 549 -1 376 -1 
551 0.83976 -0.908568 1.24195 554 548 -1 -1 552 -1 
552 0.849402 -0.539696 1.23403 555 549 551 -1 553 -1 
553 0.859043 -0.170824 1.22612 556 550 552 -1 373 -1 
554 1.07453 -0.913837 1.04376 199 551 -1 -1 555 -1 
555 1.08214 -0.56035 1.03448 557 552 554 -1 556 -1 
556 1.08975 -0.206863 1.02521 558 553 555 -1 15 -1 
557 1.27378 -0.571169 0.783643 559 555 199 -1 558 -1 
558 1.27917 -0.228093 0.773553 560 556 557 -1 14 -1 
559 1.41243 -0.549857 0.486288 202 557 200 -1 560 -1 
560 1.41564 -0.204239 0.475713 561 558 559 -1 12 -1 
561 1.48593 -0.198369 0.142901 562 560 202 -1 10 -1 
562 1.47926 -0.241099 -0.210563 207 561 204 -1 8 -1 
563 1.19023 -0.605272 -0.902782 210 206 208 -1 564 -1 
564 1.1884 -0.286022 -0.905005 565 207 563 -1 6 -1 
565 0.903216 -0.296224 -1.18987 567 564 210 -1 3 -1 
566 0.535532 -0.607532 -1.3975 213 210 211 -1 567 -1 
567 0.54048 -0.294376 -1.39599 568 565 566 -1 2 -1 
568 0.130139 -0.290346 -1.48718 169 567 213 -1 0 -1 
569 0.133475 1.7856 -1.48071 215 610 214 -1 168 -1 
570 -0.219044 1.52027 -1.47466 571 214 167 -1 215 -1 
571 -0.560636 1.51397 -1.38881 572 570 529 -1 216 -1 
572 -0.865231 1.55722 -1.22455 573 571 527 -1 217 -1 
573 -1.11757 1.63819 -1.00087 574 572 163 -1 218 -1 
574 -1.3079 1.74974 -0.73679 576 573 161 -1 575 -1 
575 -1.25673 2.04936 -0.83662 577 218 574 -1 524 -1 
576 -1.43155 1.88787 -0.448994 578 574 158 -1 577 -1 
577 -1.39572 2.20159 -0.573354 579 575 576 -1 523 -1 
578 -1.48833 2.05338 -0.15424 580 576 156 -1 579 -1 
579 -1.47533 2.37928 -0.294606 581 577 578 -1 522 -1 
580 -1.48235 2.25175 0.131847 582 578 154 -1 581 -1 
581 -1.4955 2.58413 -0.0119075 583 579 580 -1 520 -1 
582 -1.41824 2.46732 0.407037 219 580 151 -1 583 -1 
583 -1.45664 2.81096 0.26835 584 581 582 -1 518 -1 
584 -1.35684 3.05415 0.540506 221 583 219 -1 152 -1 
585 -1.05223 2.65075 0.990961 586 219 148 -1 220 -1 
586 -0.770071 2.71775 1.1989 587 585 144 -1 222 -1 
587 -0.454056 2.80789 1.33422 591 586 140 -1 588 -1 
588 -0.504307 3.19554 1.30031 224 222 587 -1 589 -1 
589 -0.554557 3.58319 1.2664 225 223 588 -1 141 -1 
590 -0.0929265 2.51801 1.4163 503 140 137 -1 591 -1 
591 -0.121143 2.91547 1.39407 226 587 590 -1 224 -1 
592 0.577931 3.08616 1.28259 595 227 229 -1 593 -1 
593 0.641876 3.45405 1.23116 596 228 592 -1 594 -1 
594 0.705821 3.82195 1.17973 597 500 593 -1 498 -1 
595 0.879478 2.90378 1.11934 232 592 230 -1 596 -1 
596 0.951337 3.24941 1.04496 233 593 595 -1 597 -1 
597 1.0232 3.59505 0.970578 598 594 596 -1 122 -1 
598 1.25432 3.36524 0.714663 599 597 233 -1 495 -1 
599 1.40479 3.16178 0.421125 600 598 235 -1 114 -1 
600 1.48211 2.99952 0.105183 601 599 237 -1 489 -1 
601 1.48985 2.74498 -0.163075 602 600 238 -1 485 -1 
602 1.4397 2.5522 -0.442272 604 601 239 -1 482 -1 
603 1.38335 2.09018 -0.606984 605 239 484 -1 604 -1 
604 1.33065 2.39297 -0.710184 606 602 603 -1 480 -1 
605 1.22919 1.96222 -0.87349 607 603 481 -1 606 -1 
606 1.16788 2.2543 -0.95111 608 604 605 -1 478 -1 
607 1.01815 1.85908 -1.10486 609 605 479 -1 608 -1 
608 0.956891 2.14133 -1.15649 109 606 607 -1 477 -1 
609 0.757682 1.78864 -1.28971 610 607 476 -1 109 -1 
610 0.458302 1.76093 -1.4177 569 609 240 -1 108 -1 
611 0.112082 2.34089 -1.67626 242 622 241 -1 471 -1 
612 -0.184107 2.18397 -1.59353 166 241 531 -1 242 -1 
613 -1.19643 4.11575 0.330397 615 513 510 -1 614 -1 
614 -1.23379 4.40865 0.0360901 252 251 613 -1 461 -1 
615 -0.925772 4.44077 0.475379 616 613 145 -1 252 -1 
616 -0.55272 4.656 0.624746 617 615 505 -1 253 -1 
617 -0.1349 4.78301 0.660394 255 616 134 -1 254 -1 
618 0.69813 4.87279 0.344669 259 256 257 -1 452 -1 
619 1.2738 4.26451 0.0542663 260 259 496 -1 449 -1 
620 1.43264 4.15188 -0.374532 621 449 260 -1 448 -1 
621 1.49085 3.85269 -0.604836 444 620 261 -1 447 -1 
622 0.389223 2.36815 -1.63474 611 267 472 -1 436 -1 
623 -0.833817 2.72534 -2.30174 624 271 272 -1 419 -1 
624 -1.0905 2.93987 -2.23098 625 623 103 -1 420 -1 
625 -1.2908 3.20174 -2.13187 273 624 469 -1 626 -1 
626 -1.31992 3.29521 -2.44077 627 420 625 -1 423 -1 
627 -1.44501 3.60068 -2.32975 275 626 273 -1 425 -1 
628 -1.49921 4.00246 -2.44983 630 425 275 -1 68 -1 
629 -1.46982 4.25353 -2.09223 631 275 276 -1 630 -1 
630 -1.45191 4.34611 -2.40607 632 628 629 -1 426 -1 
631 -1.36338 4.56031 -1.96462 634 629 277 -1 632 -1 
632 -1.33459 4.65 -2.30892 635 630 631 -1 427 -1 
633 -1.22627 4.75478 -1.47777 278 277 463 -1 634 -1 
634 -1.191 4.83451 -1.83873 279 631 633 -1 635 -1 
635 -1.15573 4.91424 -2.1997 636 632 634 -1 429 -1 
636 -0.923351 5.13372 -2.10426 282 635 279 -1 637 -1 
637 -0.886468 5.20127 -2.4766 638 429 636 -1 432 -1 
638 -0.614919 5.35435 -2.40279 286 637 282 -1 434 -1 
639 0.0329263 5.47428 -2.26947 290 286 288 -1 41 -1 
640 0.114885 5.38876 -1.47478 642 287 90 -1 288 -1 
641 0.482411 5.28074 -1.14255 643 90 86 -1 642 -1 
642 0.453121 5.32814 -1.53665 291 640 641 -1 289 -1 
643 0.793213 5.14127 -1.21033 644 641 451 -1 291 -1 
644 1.0674 4.93153 -1.29312 645 643 84 -1 294 -1 
645 1.28071 4.65591 -1.37862 81 644 82 -1 646 -1 
646 1.25174 4.74742 -1.74018 647 294 645 -1 297 -1 
647 1.40644 4.43112 -1.78644 649 646 81 -1 648 -1 
648 1.38614 4.53691 -2.15338 650 297 647 -1 399 -1 
649 1.48385 4.09408 -1.85882 652 647 80 -1 650 -1 
650 1.47669 4.20546 -2.21383 299 648 649 -1 401 -1 
651 1.47664 3.67063 -1.69015 300 80 443 -1 652 -1 
652 1.48363 3.77916 -2.02335 301 649 651 -1 299 -1 
653 1.24685 3.11223 -2.07231 654 300 79 -1 302 -1 
654 1.03253 2.87541 -2.19656 655 653 78 -1 303 -1 
655 0.767674 2.68646 -2.28276 656 654 77 -1 411 -1 
656 0.465761 2.55554 -2.32961 268 655 76 -1 412 -1 
657 -0.255926 5.47479 -3.59114 691 306 75 -1 304 -1 
658 -1.25777 4.81358 -3.72084 312 660 73 -1 659 -1 
659 -1.25094 4.82637 -4.07578 313 661 658 -1 315 -1 
660 -1.40347 4.51585 -3.75058 658 662 72 -1 661 -1 
661 -1.39926 4.5297 -4.09348 659 663 660 -1 316 -1 
662 -1.48215 4.18128 -3.76107 660 664 70 -1 663 -1 
663 -1.48073 4.19561 -4.09782 661 318 662 -1 317 -1 
664 -1.48277 3.82507 -3.74998 662 320 67 -1 318 -1 
665 -1.22034 3.13391 -3.79826 320 668 64 -1 666 -1 
666 -1.22635 3.14123 -4.11931 321 324 665 -1 323 -1 
667 -0.948439 2.84724 -3.508 64 669 63 -1 668 -1 
668 -0.95341 2.85132 -3.82114 665 326 667 -1 324 -1 
669 -0.615075 2.63612 -3.5221 667 670 61 -1 326 -1 
670 -0.228845 2.52254 -3.51946 669 673 417 -1 671 -1 
671 -0.22372 2.52203 -3.82661 326 674 670 -1 672 -1 
672 -0.218594 2.52153 -4.13376 327 330 671 -1 329 -1 
673 0.17484 2.51722 -3.51996 670 675 59 -1 674 -1 
674 0.183398 2.51806 -3.82735 671 676 673 -1 330 -1 
675 0.561691 2.61044 -3.51134 673 55 58 -1 676 -1 
676 0.575365 2.6149 -3.82076 674 678 675 -1 677 -1 
677 0.587788 2.62154 -4.12956 330 333 676 -1 332 -1 
678 0.909573 2.81535 -3.79553 676 679 55 -1 333 -1 
679 1.17897 3.08351 -3.76213 678 337 54 -1 335 -1 
680 1.38785 3.43266 -4.43481 336 339 338 -1 -1 -1 
681 1.47502 3.74642 -3.74823 337 683 404 -1 682 -1 
682 1.47652 3.76162 -4.08616 338 684 681 -1 339 -1 
683 1.49088 4.09257 -3.70727 681 685 49 -1 684 -1 
684 1.48957 4.10585 -4.06174 682 341 683 -1 340 -1 
685 1.43182 4.42239 -3.67635 683 686 48 -1 341 -1 
686 1.307 4.72148 -3.65329 685 687 47 -1 343 -1 
687 1.12732 4.97943 -3.63029 686 688 46 -1 345 -1 
688 0.903359 5.18975 -3.60665 687 689 45 -1 347 -1 
689 0.643708 5.34857 -3.58441 688 690 44 -1 349 -1 
690 0.353224 5.4528 -3.56566 689 691 43 -1 351 -1 
691 0.0460787 5.49546 -3.56672 690 657 42 -1 353 -1 
