0 0.467328 -0.126647 1.02368 57 2 12 -1 113 -1
1 0.456409 -0.037158 -1.32316 30 -1 37 -1 122 -1
2 0.084305 -0.0483462 1.04878 0 34 55 -1 83 -1
3 -0.14142 -0.725387 -1.00221 56 44 18 -1 79 -1
4 0.667751 -0.541219 1.25996 15 12 50 -1 57 -1
5 -0.226595 -0.0655799 -1.59286 -1 89 21 -1 81 -1
6 0.591078 -0.199629 0.185932 7 108 93 -1 19 -1
7 0.476956 -0.51446 0.0188897 99 6 51 -1 85 -1
8 0.0623854 1.08558 -1.56462 17 70 125 -1 29 -1
9 0.405826 0.671228 -1.47255 125 48 122 -1 70 -1
10 -0.640908 -0.805311 1.8786 114 45 -1 -1 11 84
11 -0.84243 -0.715247 1.5784 104 84 10 -1 47 -1
12 0.473919 -0.263723 1.35054 4 55 59 -1 0 -1
13 0.462037 -0.812538 1.97613 60 14 -1 -1 63 50
14 0.479856 -0.510151 2.02673 13 105 -1 -1 59 -1
15 0.448207 -0.806148 1.17129 20 4 63 -1 39 -1
16 0.453467 -0.577876 -0.819171 44 22 23 -1 37 -1
17 -0.226551 1.10507 -1.34179 72 8 54 -1 92 -1
18 -0.16977 -0.727565 -0.597644 120 23 40 -1 3 -1
19 0.604889 -0.0234328 -0.138207 85 111 6 -1 87 -1
20 0.0867388 -0.848459 1.12453 98 15 107 -1 27 -1
21 -0.357843 -0.32052 -1.51956 94 33 121 -1 5 -1
22 0.56835 -0.119734 -0.705911 16 87 85 -1 52 -1
23 0.285753 -0.638944 -0.484122 18 85 99 -1 44 16
24 0.257594 0.254339 -1.69707 81 122 30 -1 125 -1
25 -0.645229 -0.335151 0.884177 34 26 118 -1 78 -1
26 -0.917694 -0.594292 0.774176 25 102 47 -1 46 -1
27 0.0829274 -0.800118 0.722776 49 39 20 -1 41 -1
28 -0.255457 -0.860627 1.51192 84 107 45 -1 98 -1
29 0.0573782 1.50086 -1.59071 92 109 8 -1 -1 -1
30 0.321705 -0.152032 -1.69818 89 1 80 -1 24 -1
31 0.608257 0.809186 -0.722981 48 43 86 -1 96 -1
32 -0.229112 0.342358 0.0844544 75 91 115 -1 74 -1
33 -0.0680736 -0.52808 -1.74107 21 80 79 -1 89 -1
34 -0.29803 -0.166746 0.981722 2 25 106 -1 123 -1
35 -0.485972 0.01472 -0.656262 124 36 77 -1 73 -1
36 -0.527038 -0.337184 -0.884168 35 56 120 -1 94 -1
37 0.500238 -0.364887 -1.13317 80 -1 16 -1 1 -1
38 -0.707846 -0.36949 -3.44686e-05 101 88 46 -1 77 -1
39 0.448169 -0.745611 0.774468 27 57 15 -1 51 -1
40 -0.213843 -0.737532 -0.162403 88 99 58 -1 18 -1
41 0.100436 -0.733022 0.321029 58 51 27 -1 99 -1
42 0.295858 -0.676998 -1.33353 79 -1 44 -1 80 -1
43 0.48694 0.97163 -0.372472 31 112 90 -1 64 -1
44 0.18493 -0.735921 -0.957121 3 16 23 -1 42 -1
45 -0.269668 -0.868797 1.96606 10 60 -1 -1 28 -1
46 -0.832423 -0.492247 0.376045 78 103 26 -1 38 -1
47 -0.931228 -0.667937 1.18666 118 53 11 -1 26 -1
48 0.520396 0.713002 -1.1006 9 31 52 -1 110 -1
49 -0.29005 -0.821886 0.687644 102 27 98 -1 58 -1
50 0.619814 -0.624109 1.63518 63 59 13 -1 4 -1
51 0.434579 -0.631617 0.394671 41 93 39 -1 7 -1
52 0.542668 0.30459 -0.978208 122 86 22 -1 48 -1
53 -0.665011 -0.870321 1.12014 47 98 84 -1 102 -1
54 -0.23996 0.699267 -1.30948 68 125 117 -1 17 -1
55 0.0997173 -0.220859 1.36004 12 106 116 -1 2 -1
56 -0.439289 -0.614768 -0.98066 36 3 120 -1 121 -1
57 0.616487 -0.446076 0.891337 39 0 4 -1 93 -1
58 -0.269751 -0.773138 0.275806 103 41 49 -1 40 -1
59 0.473282 -0.389574 1.69438 50 116 14 -1 12 -1
60 0.0755334 -0.858485 1.97733 45 13 -1 -1 107 -1
61 -0.238364 -0.570516 2.00352 105 114 -1 -1 62 -1
62 -0.253617 -0.448751 1.63628 116 104 61 -1 106 -1
63 0.418469 -0.817116 1.56987 107 50 13 -1 15 -1
64 0.416963 1.37801 -0.472145 65 97 43 -1 -1 -1
65 0.518798 1.44959 -0.811671 76 64 96 -1 -1 -1
66 -0.404103 1.4965 -1.04204 95 92 72 -1 -1 -1
67 -0.193205 0.992262 -0.321341 112 69 74 -1 71 -1
68 -0.399417 0.782462 -1.00028 69 54 73 -1 72 -1
69 -0.380348 0.909602 -0.640738 67 68 100 -1 95 -1
70 0.385717 1.08399 -1.51159 8 110 9 -1 109 -1
71 -0.187724 1.37042 -0.382528 97 95 67 -1 -1 -1
72 -0.3814 1.10207 -1.03971 -1 17 68 -1 66 -1
73 -0.444463 0.422463 -0.909299 100 117 35 -1 68 -1
74 -0.178031 0.607469 -0.18054 119 100 32 -1 67 -1
75 0.129302 0.444334 0.181453 111 32 82 -1 119 -1
76 0.552648 1.52628 -1.18315 109 65 110 -1 -1 -1
77 -0.574431 -0.214491 -0.348775 91 120 38 -1 35 -1
78 -0.587231 -0.231191 0.528768 123 46 25 -1 101 -1
79 -0.101846 -0.693804 -1.39324 121 42 3 -1 33 -1
80 0.372223 -0.49555 -1.60193 33 37 42 -1 30 -1
81 -0.0850901 0.242543 -1.59793 117 24 5 89 125 -1
82 0.10299 0.248416 0.438285 108 115 83 -1 75 -1
83 0.0860515 0.109264 0.746441 113 123 2 -1 82 -1
84 -0.592859 -0.850476 1.50534 11 28 10 -1 53 -1
85 0.541418 -0.376016 -0.34726 23 19 7 -1 22 -1
86 0.62457 0.464111 -0.588293 52 90 87 -1 31 -1
87 0.599836 0.181452 -0.393429 22 -1 19 -1 86 -1
88 -0.600728 -0.665583 -0.138496 38 40 103 -1 120 -1
89 0.0286273 -0.16287 -1.81173 5 30 33 -1 81 -1
90 0.486807 0.607548 -0.213006 86 119 111 -1 43 -1
91 -0.470705 0.100191 -0.11827 32 77 101 -1 124 -1
92 -0.25086 1.53767 -1.37528 66 29 17 -1 -1 -1
93 0.588215 -0.340045 0.534376 51 113 57 -1 6 -1
94 -0.414853 -0.0619122 -1.14303 -1 21 36 -1 117 -1
95 -0.390705 1.43603 -0.673354 71 66 69 -1 -1 -1
96 0.552587 1.1301 -0.80116 110 -1 31 -1 65 -1
97 0.145599 1.32264 -0.250761 64 71 112 -1 -1 -1
98 -0.286545 -0.861149 1.10093 53 20 28 -1 49 -1
99 0.160885 -0.68097 -0.0976136 40 7 41 -1 23 -1
100 -0.389918 0.557853 -0.524466 74 73 124 -1 69 -1
101 -0.551933 -0.0822279 0.198734 115 38 78 -1 91 -1
102 -0.673293 -0.826949 0.703943 26 49 53 -1 103 -1
103 -0.653196 -0.768335 0.280675 46 58 102 -1 88 -1
104 -0.608065 -0.526926 1.60376 62 11 114 -1 118 -1
105 0.107258 -0.52402 2.02612 14 61 -1 -1 116 -1
106 -0.28045 -0.307665 1.3085 55 118 62 -1 34 -1
107 0.0899714 -0.857123 1.53984 28 63 60 -1 20 -1
108 0.454575 0.125588 0.371243 6 82 113 -1 111 -1
109 0.41529 1.50679 -1.53068 29 76 70 -1 -1 -1
110 0.513518 1.10232 -1.16833 70 96 48 -1 76 -1
111 0.462129 0.3153 0.0647535 19 75 108 -1 90 -1
112 0.165347 1.00932 -0.167697 43 67 119 -1 97 -1
113 0.451516 -0.0119576 0.691926 93 83 0 -1 108 -1
114 -0.559874 -0.646938 1.94158 61 10 -1 -1 104 -1
115 -0.268356 0.145633 0.36949 82 101 123 -1 32 -1
116 0.107618 -0.376917 1.67972 59 62 105 -1 55 -1
117 -0.305319 0.299529 -1.25647 73 81 94 -1 54 -1
118 -0.655672 -0.431219 1.24888 106 47 104 -1 25 -1
119 0.159168 0.71204 -0.0257168 90 74 75 -1 112 -1
120 -0.526415 -0.560968 -0.536192 77 18 88 -1 36 56
121 -0.439217 -0.54268 -1.27451 -1 79 56 -1 21 -1
122 0.431208 0.297996 -1.39476 24 52 1 -1 9 -1
123 -0.280687 -0.023964 0.664405 83 78 34 -1 115 -1
124 -0.405459 0.314454 -0.373769 -1 35 91 -1 100 -1
125 0.0305367 0.669863 -1.55703 54 9 81 24 8 -1
