0 0.102349 -0.0631253 1.4755 823 17 820 -1 1603 -1
1 0.318157 -0.0416917 1.37447 3 823 821 -1 1604 -1
2 0.457785 -0.118132 1.18982 825 824 841 -1 826 -1
3 0.396914 -0.0273859 1.28687 826 1 824 -1 808 -1
4 0.4841 -0.0386513 1.0774 -1 826 825 -1 1606 -1
5 0.473134 -0.0638138 0.860751 6 827 22 -1 1607 -1
6 0.435199 -0.0739286 0.763792 828 5 843 -1 812 -1
7 0.0224605 -0.00333761 0.504249 8 1611 25 -1 792 -1
8 -0.0770947 -0.00854926 0.514775 829 7 845 -1 793 -1
9 -0.351006 -0.0241921 0.643159 11 10 846 -1 813 -1
10 -0.264549 -0.0188978 0.585737 9 829 847 -1 1596 -1
11 -0.411029 -0.0310927 0.730427 830 9 848 -1 814 -1
12 -0.486167 -0.0199153 0.929151 14 830 28 -1 1612 -1
13 -0.471094 -0.0129833 1.14447 15 14 831 -1 816 -1
14 -0.492822 -0.0163454 1.03502 13 12 832 -1 1613 -1
15 -0.422354 -0.00590756 1.2502 817 13 834 -1 1614 -1
16 -0.256414 -0.093402 1.41234 837 833 32 -1 1615 -1
17 -0.0169798 -0.06954 1.49206 0 837 835 -1 1617 -1
18 0.0934215 -0.277489 1.45201 840 855 35 -1 820 -1
19 0.309948 -0.252523 1.35653 20 840 838 -1 821 -1
20 0.389018 -0.238317 1.27571 841 19 38 -1 824 -1
21 0.481656 -0.205061 1.07045 842 841 39 -1 825 -1
22 0.474606 -0.175249 0.852663 843 842 40 -1 5 -1
23 0.218077 -0.0879049 0.548116 844 24 42 -1 1609 -1
24 0.302157 -0.0841806 0.606015 23 828 863 -1 1610 -1
25 0.0234807 -0.0985989 0.493844 845 844 877 -1 7 -1
26 -0.177021 -0.111046 0.52244 847 845 66 -1 829 -1
27 -0.465255 -0.16698 0.806479 849 848 45 -1 830 -1
28 -0.486231 -0.131806 0.920766 832 -1 849 -1 12 -1
29 -0.490613 -0.191177 1.02739 852 849 851 -1 832 -1
30 -0.415741 -0.193147 1.24401 33 852 853 -1 834 -1
31 -0.346851 -0.290706 1.32385 854 853 50 -1 33 -1
32 -0.257176 -0.193471 1.40415 836 33 854 -1 16 -1
33 -0.353212 -0.194093 1.33874 32 30 31 -1 833 -1
34 -0.141428 -0.289008 1.44 855 854 53 -1 836 -1
35 0.0912463 -0.383875 1.43124 839 52 856 -1 18 -1
36 0.209436 -0.470702 1.36805 857 856 57 -1 839 -1
37 0.390747 -0.439454 1.21852 858 857 59 -1 38 -1
38 0.388525 -0.340724 1.25554 859 838 37 -1 20 -1
39 0.481282 -0.305725 1.04917 861 859 860 -1 21 -1
40 0.47636 -0.285309 0.831695 862 861 62 -1 22 -1
41 0.380084 -0.179212 0.662222 863 843 64 -1 828 -1
42 0.220511 -0.185392 0.524605 864 863 85 -1 23 -1
43 -0.355397 -0.226326 0.607295 866 865 878 -1 846 -1
44 -0.488551 -0.263355 0.903733 851 45 867 -1 849 -1
45 -0.46687 -0.257448 0.790878 44 866 880 -1 27 -1
46 -0.466236 -0.363757 1.10918 47 868 70 -1 850 -1
47 -0.408386 -0.376395 1.21211 50 46 869 -1 853 -1
48 -0.33307 -0.478572 1.27832 870 869 884 -1 50 -1
49 -0.242897 -0.389208 1.37215 53 50 870 -1 854 -1
50 -0.340103 -0.386128 1.30475 49 47 48 -1 31 -1
51 -0.12798 -0.488011 1.38819 871 870 76 -1 53 -1
52 -0.0230445 -0.391096 1.44309 35 53 871 -1 855 -1
53 -0.137452 -0.391335 1.41902 52 49 51 -1 34 -1
54 0.104584 -0.577531 1.36095 57 75 872 -1 856 -1
55 0.208055 -0.66285 1.28725 873 872 80 -1 57 -1
56 0.310093 -0.553331 1.2654 59 57 873 -1 857 -1
57 0.21293 -0.567689 1.33055 56 54 55 -1 36 -1
58 0.447687 -0.514188 1.09565 60 59 874 -1 858 -1
59 0.386299 -0.534745 1.18773 58 56 875 -1 37 -1
60 0.4778 -0.494799 0.992766 61 58 82 -1 860 -1
61 0.499346 -0.466341 0.878964 876 60 891 -1 63 -1
62 0.477455 -0.37454 0.801793 -1 63 876 -1 40 -1
63 0.49914 -0.383366 0.918734 62 860 61 -1 861 -1
64 0.383806 -0.283517 0.629795 65 862 83 -1 41 -1
65 0.30912 -0.286993 0.544674 85 64 893 -1 863 -1
66 -0.179039 -0.2098 0.492461 865 67 895 -1 26 -1
67 -0.0780892 -0.204661 0.472654 66 877 896 -1 845 -1
68 -0.417185 -0.326946 0.663958 880 878 897 -1 866 -1
69 -0.464923 -0.521559 1.0516 71 881 90 -1 70 -1
70 -0.465645 -0.457062 1.07936 869 -1 69 -1 46 -1
71 -0.404537 -0.555383 1.14718 884 69 882 -1 869 -1
72 -0.2327 -0.675035 1.26292 885 883 93 -1 73 -1
73 -0.230475 -0.581054 1.31092 76 884 72 -1 870 -1
74 -0.0125709 -0.681314 1.33013 872 885 907 -1 75 -1
75 -0.00713016 -0.585661 1.3785 54 76 74 -1 871 -1
76 -0.122086 -0.584983 1.3534 75 73 885 -1 51 -1
77 0.093766 -0.766236 1.26581 80 907 886 -1 872 -1
78 0.198395 -0.843287 1.18537 887 886 98 -1 80 -1
79 0.297266 -0.73865 1.17601 81 80 887 -1 873 -1
80 0.202906 -0.755446 1.24045 79 77 78 -1 55 -1
81 0.376013 -0.719525 1.10331 889 79 888 -1 875 -1
82 0.4767 -0.580479 0.952831 891 874 890 -1 60 -1
83 0.388107 -0.386898 0.579355 893 84 913 -1 64 -1
84 0.445625 -0.398793 0.674716 83 876 104 -1 862 -1
85 0.221113 -0.290693 0.475372 894 65 914 -1 42 -1
86 0.023818 -0.298217 0.406482 896 894 143 -1 877 -1
87 -0.267557 -0.304216 0.503579 878 895 105 -1 865 -1
88 -0.361255 -0.39398 0.526395 897 105 125 -1 878 -1
89 -0.468176 -0.428776 0.721611 879 897 899 -1 880 -1
90 -0.463864 -0.602371 1.01565 882 91 901 -1 69 -1
91 -0.486628 -0.56697 0.901955 90 898 900 -1 881 -1
92 -0.396755 -0.719289 1.06621 904 901 109 -1 882 -1
93 -0.229702 -0.761552 1.21488 94 904 902 -1 72 -1
94 -0.125181 -0.769909 1.25585 907 93 906 -1 885 -1
95 0.0926964 -0.933411 1.14778 98 112 908 -1 886 -1
96 0.193271 -1.00318 1.05885 909 908 117 -1 98 -1
97 0.285851 -0.906807 1.06126 99 98 909 -1 887 -1
98 0.195026 -0.925942 1.12502 97 95 96 -1 78 -1
99 0.357374 -0.892145 1.00649 910 97 118 -1 888 -1
100 0.427156 -0.781199 0.965175 101 888 910 -1 889 -1
101 0.46958 -0.753343 0.869535 911 100 121 -1 890 -1
102 0.495363 -0.633617 0.802494 103 890 911 -1 891 -1
103 0.485013 -0.606389 0.695431 912 102 930 -1 892 -1
104 0.45718 -0.493362 0.631149 913 892 912 -1 84 -1
105 -0.276431 -0.388808 0.44861 88 124 933 -1 87 -1
106 -0.430672 -0.493574 0.578309 899 125 934 -1 897 -1
107 -0.497102 -0.627433 0.75764 900 915 917 -1 898 -1
108 -0.376674 -0.887265 0.972432 110 918 129 -1 109 -1
109 -0.389393 -0.80437 1.01986 903 919 108 -1 92 -1
110 -0.29841 -0.910096 1.04724 922 108 921 -1 903 -1
111 -0.0100279 -1.01514 1.09793 908 923 131 -1 112 -1
112 -0.0124873 -0.939818 1.16334 95 113 111 -1 905 -1
113 -0.118762 -0.934448 1.13999 112 922 923 -1 906 -1
114 0.00170207 -1.14927 0.959106 924 940 945 -1 131 -1
115 0.0958341 -1.07914 1.01074 117 131 924 -1 908 -1
116 0.194766 -1.14011 0.909005 136 924 133 -1 117 -1
117 0.193286 -1.07379 0.986117 925 115 116 -1 909 96
118 0.338988 -0.973427 0.953226 119 909 925 -1 99 -1
119 0.394824 -0.950059 0.871667 927 118 926 -1 910 -1
120 0.482391 -0.811201 0.722386 928 121 139 -1 911 -1
121 0.463959 -0.841143 0.828487 120 910 927 -1 101 -1
122 0.338489 -0.466592 0.431058 142 913 141 -1 893 -1
123 0.130052 -0.391179 0.3498 143 914 164 -1 894 -1
124 -0.184788 -0.389245 0.368482 105 932 953 -1 895 -1
125 -0.369041 -0.479676 0.466452 106 933 144 -1 88 -1
126 -0.483024 -0.68802 0.59971 917 145 955 -1 915 -1
127 -0.463704 -0.918777 0.741901 936 146 149 -1 128 -1
128 -0.471603 -0.830592 0.782354 918 935 127 -1 916 -1
129 -0.361748 -0.969259 0.92469 921 936 130 -1 108 -1
130 -0.341277 -1.04544 0.868797 939 148 151 -1 129 -1
131 -0.00518252 -1.08572 1.03053 115 132 114 -1 111 -1
132 -0.10366 -1.07884 1.00872 131 938 940 -1 923 -1
133 0.180847 -1.20031 0.833149 947 134 942 -1 116 -1
134 0.0899842 -1.20518 0.858323 133 945 943 -1 924 -1
135 0.349758 -1.10856 0.776598 948 136 946 -1 926 -1
136 0.276296 -1.12443 0.841004 135 116 947 -1 925 -1
137 0.420219 -1.01047 0.739639 950 926 948 -1 927 -1
138 0.48918 -0.872824 0.587528 160 139 949 -1 928 -1
139 0.47357 -0.900988 0.686325 138 927 950 -1 120 -1
140 0.483329 -0.755462 0.514933 161 928 160 -1 929 -1
141 0.364372 -0.545935 0.373114 163 931 162 -1 122 -1
142 0.249197 -0.468964 0.333989 164 122 163 -1 914 -1
143 0.0238003 -0.403325 0.302935 932 123 1005 -1 86 -1
144 -0.388838 -0.559927 0.41794 934 952 954 -1 125 -1
145 -0.46386 -0.658714 0.48393 126 954 956 -1 934 -1
146 -0.480647 -0.890246 0.638498 127 147 957 -1 935 -1
147 -0.496507 -0.86118 0.53879 146 166 168 -1 955 -1
148 -0.39698 -1.0228 0.783651 130 149 958 -1 936 -1
149 -0.441044 -1.00086 0.698037 148 957 959 -1 127 -1
150 -0.347829 -1.16857 0.689096 962 974 1698 -1 958 -1
151 -0.316503 -1.11455 0.807537 937 958 962 -1 130 -1
152 -0.0783874 -1.20215 0.866995 945 965 963 -1 940 -1
153 0.223853 -1.29762 0.617995 1667 1705 -1 -1 154 -1
154 0.284705 -1.23228 0.658757 1668 1658 153 -1 946 -1
155 0.354108 -1.23466 0.548262 174 1668 173 -1 156 -1
156 0.395985 -1.14976 0.579027 966 157 155 -1 158 -1
157 0.369001 -1.16083 0.647691 156 946 1668 -1 948 -1
158 0.437862 -1.06486 0.609792 159 948 156 -1 950 -1
159 0.463858 -1.05279 0.531207 967 158 966 -1 949 -1
160 0.495 -0.844808 0.486308 969 138 968 -1 140 -1
161 0.46702 -0.728348 0.405114 970 140 969 -1 951 -1
162 0.396181 -0.62672 0.331536 178 951 970 -1 141 -1
163 0.289803 -0.541595 0.264116 189 141 178 -1 142 -1
164 0.149963 -0.476668 0.228775 1005 142 189 -1 123 -1
165 -0.459038 -0.720863 0.352869 956 982 180 -1 954 -1
166 -0.489311 -0.836821 0.437981 147 180 972 -1 956 -1
167 -0.469427 -1.04359 0.486701 169 182 183 -1 168 -1
168 -0.484009 -0.950335 0.51041 957 972 167 -1 147 -1
169 -0.451512 -1.06095 0.571634 959 167 975 -1 957 -1
170 -0.0950674 -1.30119 0.70298 1659 171 -1 -1 964 -1
171 -0.154525 -1.30176 0.67513 170 1696 -1 -1 960 -1
172 0.31988 -1.30146 0.437778 1660 173 -1 -1 174 -1
173 0.284615 -1.29985 0.515672 172 1667 -1 -1 155 -1
174 0.379681 -1.22564 0.469884 976 155 172 -1 966 -1
175 0.451056 -1.13067 0.418061 977 966 976 -1 967 -1
176 0.484569 -1.01758 0.347473 187 967 977 -1 979 -1
177 0.470287 -0.801604 0.27917 188 969 978 -1 970 -1
178 0.352233 -0.608662 0.210996 991 162 980 -1 163 -1
179 -0.25109 -0.547208 0.182236 952 992 190 -1 953 -1
180 -0.475883 -0.813621 0.331111 166 181 983 -1 165 -1
181 -0.466783 -0.797524 0.23651 180 191 193 -1 982 -1
182 -0.479847 -1.02613 0.395983 167 984 184 -1 972 -1
183 -0.439964 -1.13354 0.46115 975 184 985 -1 167 -1
184 -0.461167 -1.1278 0.37955 183 194 986 -1 182 -1
185 0.367653 -1.29865 0.286552 1671 1660 -1 -1 1661 -1
186 0.496582 -1.00019 0.174475 198 187 987 -1 989 -1
187 0.492421 -1.00491 0.257739 186 176 988 -1 978 -1
188 0.462131 -0.786909 0.185019 200 177 989 -1 980 -1
189 0.218053 -0.541833 0.119408 201 163 991 -1 164 -1
190 -0.331538 -0.610716 0.160967 971 202 192 -1 179 -1
191 -0.456373 -0.784827 0.147965 181 1006 993 -1 192 -1
192 -0.397876 -0.694592 0.153818 982 203 191 -1 190 -1
193 -0.485964 -0.899389 0.232386 983 993 995 -1 181 -1
194 -0.468954 -1.1175 0.29511 184 195 1701 -1 984 -1
195 -0.472867 -1.11183 0.222993 194 994 1657 -1 995 -1
196 0.476686 -1.11066 0.0999293 1000 987 1662 -1 198 -1
197 0.498869 -1.00498 0.0107582 1008 198 1000 -1 1001 -1
198 0.49877 -1.00009 0.0928857 197 186 196 -1 199 -1
199 0.479031 -0.888514 0.0925523 1001 989 198 -1 200 -1
200 0.446413 -0.778991 0.098091 1002 188 199 -1 990 -1
201 0.204153 -0.544642 0.0301795 1011 189 1004 -1 1005 -1
202 -0.300909 -0.607002 0.0651289 190 210 203 -1 992 -1
203 -0.382898 -0.686216 0.06328 192 212 1006 -1 202 -1
204 -0.478545 -0.887804 0.0661474 993 213 205 -1 1006 -1
205 -0.499506 -0.997994 0.0685123 996 1015 1007 -1 204 -1
206 0.38273 -1.30568 -0.0641986 1672 997 -1 -1 1674 -1
207 0.476323 -1.11459 -0.0677727 216 1000 1674 -1 1008 -1
208 0.304041 -0.610495 -0.0437647 1022 1004 1010 -1 1011 -1
209 -0.0875069 -0.515903 -0.0229353 981 1055 1012 -1 1075 -1
210 -0.301719 -0.610554 -0.0191967 202 1024 212 -1 1012 -1
211 -0.446548 -0.784441 -0.0180284 1006 1013 213 -1 212 -1
212 -0.383312 -0.689718 -0.019311 203 221 211 -1 210 -1
213 -0.478614 -0.891462 -0.0156105 204 1014 1015 -1 211 -1
214 -0.477753 -1.11115 -0.0106006 1007 215 1649 -1 1015 -1
215 -0.476474 -1.11254 -0.0875378 214 223 1646 -1 1016 -1
216 0.474517 -1.11676 -0.155813 1019 207 1673 -1 217 -1
217 0.49443 -1.01231 -0.168833 1020 1008 216 -1 1021 -1
218 0.466679 -0.808101 -0.195425 1037 219 1021 -1 228 -1
219 0.45138 -0.785574 -0.105988 218 1002 1009 -1 220 -1
220 0.394467 -0.696439 -0.11844 228 1010 219 -1 1022 -1
221 -0.387514 -0.688315 -0.106053 212 232 1013 -1 1024 -1
222 -0.465125 -0.798995 -0.20126 1013 1040 1025 -1 232 -1
223 -0.474632 -1.11351 -0.169194 215 224 1633 -1 1026 -1
224 -0.469775 -1.12138 -0.254486 223 1041 1028 -1 1027 -1
225 0.323179 -1.31845 -0.380886 1675 1653 -1 -1 1031 -1
226 0.436091 -1.15624 -0.412264 1032 1033 1031 -1 1034 -1
227 0.496477 -0.949065 -0.363477 235 1036 1035 -1 236 -1
228 0.423447 -0.718777 -0.21407 237 220 218 -1 229 -1
229 0.376108 -0.635793 -0.238598 238 1022 228 -1 239 -1
230 0.253096 -0.553306 -0.16843 239 1011 1022 -1 1054 -1
231 -0.237458 -0.548668 -0.149655 1012 240 1024 -1 1055 -1
232 -0.419855 -0.710247 -0.22251 221 241 222 -1 1038 -1
233 -0.439681 -1.14653 -0.42418 1041 245 1044 -1 243 -1
234 0.454836 -1.08446 -0.512732 1050 1034 1032 -1 1051 -1
235 0.485759 -0.970073 -0.450546 1051 227 1034 -1 1052 -1
236 0.487956 -0.855755 -0.384214 1052 1037 227 -1 1053 -1
237 0.456914 -0.73849 -0.309955 1053 228 1037 -1 238 -1
238 0.414614 -0.656325 -0.333743 1072 229 237 -1 256 -1
239 0.320153 -0.561368 -0.269772 256 230 229 -1 1073 -1
240 -0.31619 -0.551442 -0.283925 231 1077 1038 -1 1076 -1
241 -0.454004 -0.726474 -0.324495 232 1057 1040 -1 1056 -1
242 -0.487469 -0.843015 -0.404531 1040 1079 1043 -1 1057 -1
243 -0.471106 -1.0538 -0.446971 1042 1059 233 -1 244 -1
244 -0.48523 -0.959981 -0.477004 1043 1058 243 -1 1079 -1
245 -0.412592 -1.16165 -0.498857 233 246 1045 -1 1059 -1
246 -0.379677 -1.17863 -0.575551 245 1644 1642 -1 1060 -1
247 -0.06047 -1.33017 -0.659735 1679 1630 -1 -1 1681 -1
248 0.00330818 -1.28996 -0.762408 1681 1635 1630 -1 263 -1
249 0.0766909 -1.23662 -0.816017 263 1062 1635 -1 1063 -1
250 0.248188 -1.21745 -0.735527 1062 1678 1677 -1 1066 1065
251 0.347612 -1.13707 -0.736503 1065 252 1678 -1 253 -1
252 0.392029 -1.1146 -0.65958 251 1050 1048 -1 1067 -1
253 0.370529 -1.06762 -0.787683 266 1067 251 -1 267 -1
254 0.46802 -0.94474 -0.670959 268 255 1068 -1 269 -1
255 0.48397 -0.912839 -0.574684 254 1052 1051 -1 1069 -1
256 0.380393 -0.574944 -0.372765 270 239 238 -1 1097 -1
257 -0.460483 -0.660299 -0.460308 1056 1101 1057 -1 1100 -1
258 -0.379098 -1.11488 -0.693921 1060 261 1644 -1 1082 -1
259 -0.296524 -1.20319 -0.698857 1644 260 1702 -1 261 -1
260 -0.237554 -1.21513 -0.751754 259 1084 1703 -1 1083 -1
261 -0.328775 -1.13395 -0.763773 258 1083 259 -1 276 -1
262 -0.0755709 -1.2357 -0.817788 1084 263 1681 -1 1086 -1
263 -0.000639446 -1.23826 -0.840736 262 249 248 -1 281 -1
264 0.0735836 -1.11971 -0.97117 283 1087 1063 -1 1088 -1
265 0.241587 -1.10326 -0.903676 1087 266 1066 -1 1090 -1
266 0.31266 -1.08676 -0.850617 265 253 1065 -1 1091 -1
267 0.384859 -0.99804 -0.839524 1091 268 253 -1 1092 -1
268 0.434384 -0.971928 -0.757127 267 254 1067 -1 1093 -1
269 0.475263 -0.868181 -0.711645 1093 1069 254 -1 1094 -1
270 0.433373 -0.597514 -0.477794 1096 256 1072 -1 293 -1
271 0.15317 -0.404934 -0.341074 1098 1074 1054 -1 309 -1
272 -0.362293 -0.472285 -0.459596 1076 1116 1077 -1 313 -1
273 -0.466347 -0.927369 -0.711996 1080 277 1081 -1 275 -1
274 -0.491 -0.808831 -0.659587 1078 275 1080 -1 1102 -1
275 -0.472723 -0.840865 -0.762119 274 1103 273 -1 295 -1
276 -0.358232 -1.06274 -0.826052 1082 279 261 -1 278 -1
277 -0.422512 -0.957295 -0.800704 273 278 1082 -1 1103 -1
278 -0.371382 -0.985222 -0.884665 277 1104 276 -1 296 -1
279 -0.280715 -1.08449 -0.885508 276 280 1083 -1 1104 -1
280 -0.20126 -1.10507 -0.942396 279 282 1085 -1 1105 -1
281 -0.00558427 -1.1854 -0.916739 1086 1063 263 -1 283 -1
282 -0.103335 -1.11606 -0.96638 280 283 1086 -1 1106 -1
283 -0.0121891 -1.12151 -0.98761 282 264 281 -1 298 -1
284 0.0711519 -0.981068 -1.11168 299 1107 1088 -1 1108 -1
285 0.259016 -0.96837 -1.03107 1107 286 1090 -1 1110 -1
286 0.340193 -0.953628 -0.972006 285 1092 1091 -1 1111 -1
287 0.407773 -0.85634 -0.937779 1111 288 1092 -1 1112 -1
288 0.462346 -0.828873 -0.851565 287 1094 1093 -1 289 -1
289 0.466253 -0.755659 -0.889704 1112 290 288 -1 1129 -1
290 0.485793 -0.717238 -0.793015 289 291 1094 -1 304 -1
291 0.49382 -0.674793 -0.69421 290 1096 1095 -1 1113 -1
292 0.466524 -0.547058 -0.624097 1113 293 1096 -1 306 -1
293 0.411883 -0.517522 -0.519986 292 1097 270 -1 307 -1
294 -0.47534 -0.59243 -0.643133 1100 1117 1101 -1 314 -1
295 -0.478318 -0.749622 -0.814492 1102 1118 275 -1 315 -1
296 -0.385727 -0.902467 -0.941118 1103 1120 278 -1 1119 -1
297 -0.230071 -0.952361 -1.07078 1120 1123 1105 -1 1122 -1
298 -0.0209399 -1.05644 -1.05883 1106 1088 283 -1 299 -1
299 -0.0262325 -0.98062 -1.12393 1123 284 298 -1 320 -1
300 0.181054 -0.823321 -1.20683 1124 301 1109 -1 1125 -1
301 0.275769 -0.818766 -1.13971 300 302 1110 -1 1126 -1
302 0.361229 -0.811713 -1.06826 301 1112 1111 -1 1127 -1
303 0.425052 -0.712102 -1.02019 1127 1129 1112 -1 1128 -1
304 0.490999 -0.628065 -0.834763 1129 1113 290 -1 305 -1
305 0.494284 -0.534981 -0.877138 327 1131 304 -1 1142 -1
306 0.462955 -0.462092 -0.667847 1131 307 292 -1 329 -1
307 0.402517 -0.435903 -0.572493 306 1114 293 -1 330 -1
308 0.23808 -0.31713 -0.471313 1132 309 1098 -1 1143 -1
309 0.140122 -0.30878 -0.427187 308 310 271 -1 1144 -1
310 0.0378249 -0.305948 -0.404659 309 311 1074 -1 1145 -1
311 -0.0638336 -0.299609 -0.415103 310 312 1075 -1 1146 -1
312 -0.165135 -0.291212 -0.444896 311 331 1099 -1 349 -1
313 -0.354305 -0.374198 -0.527129 1115 333 272 -1 332 -1
314 -0.47034 -0.480879 -0.699851 1116 1133 294 -1 1148 -1
315 -0.483089 -0.652344 -0.866263 1117 316 295 -1 1134 -1
316 -0.462831 -0.69019 -0.963199 315 317 1118 -1 1135 -1
317 -0.404676 -0.724928 -1.04822 316 318 1119 -1 336 -1
318 -0.342855 -0.756258 -1.12768 317 1136 1121 -1 1152 -1
319 -0.144717 -0.88885 -1.17171 1122 320 1123 -1 321 -1
320 -0.0338886 -0.902756 -1.18888 319 1108 299 -1 1137 -1
321 -0.144775 -0.803916 -1.22845 1136 1137 319 -1 339 -1
322 0.0711408 -0.732685 -1.29183 340 1125 1124 -1 323 -1
323 0.0700528 -0.638094 -1.33872 341 1138 322 -1 342 -1
324 0.281062 -0.63797 -1.24524 1138 325 1126 -1 1139 -1
325 0.368456 -0.636061 -1.16748 324 1128 1127 -1 326 -1
326 0.375713 -0.550779 -1.19745 1139 1140 325 -1 1158 -1
327 0.47392 -0.536306 -0.994001 1140 305 1130 -1 1141 -1
328 0.480708 -0.396684 -0.809064 1142 329 1131 -1 346 -1
329 0.456214 -0.371036 -0.707203 328 330 306 -1 1161 -1
330 0.397047 -0.350854 -0.618635 329 1132 307 -1 347 -1
331 -0.258617 -0.283606 -0.508799 312 332 1115 -1 350 -1
332 -0.345739 -0.281336 -0.574687 331 1147 313 -1 1162 -1
333 -0.415431 -0.364485 -0.642525 313 1148 1116 -1 1147 -1
334 -0.488305 -0.430526 -0.834872 -1 1150 1133 -1 1149 -1
335 -0.469345 -0.496005 -1.03946 1150 1151 1135 -1 353 -1
336 -0.413009 -0.630221 -1.09617 1135 1152 317 -1 1151 -1
337 -0.358203 -0.564487 -1.21984 1151 1153 1152 -1 1165 -1
338 -0.250828 -0.693492 -1.24034 1152 339 1136 -1 1153 -1
339 -0.145908 -0.716178 -1.28343 338 340 321 -1 1154 -1
340 -0.0371206 -0.728293 -1.30153 339 322 1137 -1 341 -1
341 -0.0382167 -0.633584 -1.34799 1154 323 340 -1 358 -1
342 0.0774994 -0.545732 -1.37918 358 1156 323 -1 1155 -1
343 0.290231 -0.44578 -1.31962 1157 1158 1139 -1 362 -1
344 0.445045 -0.453118 -1.12825 1158 1141 1140 -1 345 -1
345 0.44417 -0.345199 -1.16626 364 1159 344 -1 365 -1
346 0.478309 -0.3009 -0.836729 1160 1161 328 -1 368 -1
347 0.389301 -0.252146 -0.652 1161 348 330 -1 370 -1
348 0.318586 -0.234301 -0.577059 347 1143 1132 -1 371 -1
349 -0.161332 -0.202105 -0.492103 1146 350 312 -1 1175 -1
350 -0.252957 -0.195726 -0.543943 349 1162 331 -1 1176 -1
351 -0.46302 -0.282231 -0.762067 1147 1163 1148 -1 377 -1
352 -0.493587 -0.383657 -0.957521 1149 353 1150 -1 354 -1
353 -0.471726 -0.410521 -1.06422 352 355 335 -1 1164 -1
354 -0.493932 -0.298655 -0.984549 1163 1164 352 -1 379 -1
355 -0.425731 -0.438432 -1.16369 353 1165 1151 -1 1166 -1
356 -0.26388 -0.49623 -1.32104 1165 357 1153 -1 1168 -1
357 -0.158119 -0.519533 -1.37117 356 358 1154 -1 359 -1
358 -0.0391158 -0.537273 -1.3901 357 342 341 -1 1169 -1
359 -0.147366 -0.426089 -1.40515 1168 1169 357 -1 1183 -1
360 0.0804626 -0.340061 -1.44219 382 361 1155 -1 1170 -1
361 0.192122 -0.339254 -1.41938 360 362 1157 -1 363 -1
362 0.289139 -0.339312 -1.35341 361 364 343 -1 1171 -1
363 0.195873 -0.233671 -1.43783 1170 1171 361 -1 385 -1
364 0.375877 -0.340289 -1.27544 362 345 1158 -1 1172 -1
365 0.441893 -0.233397 -1.19618 1172 366 345 -1 1188 -1
366 0.47781 -0.238482 -1.08347 365 1173 1159 -1 388 -1
367 0.49975 -0.132524 -0.992327 388 1174 1173 -1 389 -1
368 0.478075 -0.199549 -0.865572 1173 -1 346 -1 1174 -1
369 0.447505 -0.178173 -0.765315 1174 370 1161 -1 390 -1
370 0.389359 -0.155674 -0.681254 369 371 347 -1 1193 -1
371 0.31945 -0.139418 -0.606785 370 372 348 -1 391 -1
372 0.232651 -0.126705 -0.550306 371 373 1143 -1 1194 -1
373 0.13925 -0.120256 -0.512964 372 374 1144 -1 1195 -1
374 0.0385744 -0.113279 -0.493978 373 375 1145 -1 1196 -1
375 -0.0618541 -0.106789 -0.49998 374 1175 1146 -1 1197 -1
376 -0.405049 -0.184261 -0.699459 1162 377 1147 -1 1178 -1
377 -0.462629 -0.183967 -0.789667 376 378 351 -1 1202 -1
378 -0.484214 -0.195376 -0.8978 377 379 1163 -1 393 -1
379 -0.493414 -0.202251 -1.01087 378 1179 354 -1 1204 -1
380 -0.420418 -0.256844 -1.22421 1179 1180 1166 -1 396 -1
381 -0.255494 -0.301028 -1.3839 1180 1183 1168 -1 1182 -1
382 -0.0303214 -0.337468 -1.45285 1183 360 1169 -1 383 -1
383 -0.0335316 -0.229063 -1.47376 1184 1170 382 -1 399 -1
384 0.0810132 -0.122941 -1.47583 399 385 1170 -1 1185 -1
385 0.201316 -0.126154 -1.44701 384 386 363 -1 1186 -1
386 0.298057 -0.124084 -1.3825 385 387 1171 -1 1187 -1
387 0.38114 -0.125056 -1.30407 386 1188 1172 -1 1189 -1
388 0.477775 -0.128246 -1.10333 1188 367 366 -1 1191 -1
389 0.498074 -0.0312968 -0.988265 1191 1192 367 -1 402 -1
390 0.445515 -0.0378556 -0.781596 1192 1193 369 -1 403 -1
391 0.316366 -0.0243495 -0.620004 1193 1194 371 -1 1215 -1
392 -0.45863 -0.00371639 -0.80346 1201 1203 1202 -1 404 -1
393 -0.48411 -0.095686 -0.913843 1202 1204 378 -1 1203 -1
394 -0.472255 -0.0734405 -1.13467 1204 1206 395 -1 405 -1
395 -0.471285 -0.108703 -1.13724 -1 396 1179 -1 394 -1
396 -0.421064 -0.158949 -1.2421 395 1181 380 -1 1206 -1
397 -0.361931 -0.0813436 -1.33568 1206 398 1181 -1 408 -1
398 -0.265438 -0.091031 -1.40646 397 1207 1182 -1 410 -1
399 -0.0366083 -0.117476 -1.48502 1207 384 383 -1 1208 -1
400 0.302471 0.0847929 -1.38213 1210 1211 1187 -1 414 -1
401 0.449985 0.0826843 -1.20381 1211 1212 1190 -1 1226 -1
402 0.497934 0.0993231 -0.983102 1212 1213 389 -1 1229 -1
403 0.443277 0.0830905 -0.775281 1213 1214 390 -1 1231 -1
404 -0.462145 0.0851577 -0.804107 1216 1217 392 -1 422 -1
405 -0.474003 0.0118212 -1.12992 1205 407 394 -1 1218 -1
406 -0.495039 0.0794727 -1.01973 1217 1218 1205 -1 423 -1
407 -0.431763 0.0170873 -1.23538 405 408 1206 -1 409 -1
408 -0.366418 0.0127614 -1.33346 407 410 397 -1 1219 -1
409 -0.427903 0.0978323 -1.23587 1218 1219 407 -1 426 -1
410 -0.272559 0.00858447 -1.40711 408 411 398 -1 1220 -1
411 -0.167579 0.00214546 -1.46653 410 1208 1207 -1 412 -1
412 -0.157339 0.10222 -1.462 1220 1221 411 -1 430 -1
413 0.0768997 0.20638 -1.4695 431 1223 1209 -1 1222 -1
414 0.295198 0.192362 -1.37852 1223 415 400 -1 1225 -1
415 0.380626 0.186813 -1.29873 414 1226 1211 -1 416 -1
416 0.379707 0.286691 -1.28027 1225 1227 415 -1 435 -1
417 0.478846 0.178286 -1.09015 1226 -1 1212 -1 1228 -1
418 0.229945 0.0812125 -0.557516 1215 419 1194 -1 1252 -1
419 0.137425 0.0822784 -0.520149 418 1233 1195 -1 439 -1
420 -0.062224 0.0872298 -0.503945 1233 1234 1197 -1 1254 -1
421 -0.252465 0.0909067 -0.570896 1234 1235 1199 -1 1255 -1
422 -0.460191 0.206769 -0.778943 442 1236 404 -1 459 -1
423 -0.49418 0.159557 -1.01544 -1 424 406 -1 425 -1
424 -0.471821 0.17383 -1.12696 423 426 1218 -1 1237 -1
425 -0.494408 0.23741 -0.998787 1236 1237 423 -1 1257 -1
426 -0.424173 0.192237 -1.23135 424 427 409 -1 1238 -1
427 -0.3554 0.202025 -1.33412 426 429 1219 -1 428 -1
428 -0.358041 0.300938 -1.31042 1238 1239 427 -1 444 -1
429 -0.256702 0.204684 -1.40224 427 430 1220 -1 1239 -1
430 -0.153501 0.206338 -1.454 429 431 412 -1 432 -1
431 -0.0414131 0.208697 -1.47622 430 413 1221 -1 1240 -1
432 -0.154159 0.309982 -1.43326 1239 1240 430 -1 447 -1
433 0.0852734 0.412632 -1.42273 448 1242 1222 -1 1241 -1
434 0.29675 0.391627 -1.33341 1242 435 1225 -1 1244 -1
435 0.378895 0.377396 -1.25828 434 1245 416 -1 1246 -1
436 0.478254 0.33592 -1.05496 1245 1248 1228 -1 1249 -1
437 0.479021 0.286235 -0.845479 1248 1250 1230 -1 457 -1
438 0.320616 0.175382 -0.598488 1232 1252 1215 -1 1268 -1
439 0.138709 0.181562 -0.494334 1252 1253 419 -1 472 -1
440 -0.161056 0.189933 -0.496177 1254 1255 1234 -1 473 -1
441 -0.339689 0.196185 -0.604857 1255 442 1235 -1 1270 -1
442 -0.402106 0.201209 -0.689486 441 422 1216 -1 458 -1
443 -0.472527 0.361242 -1.0767 1257 1258 1237 -1 1272 -1
444 -0.360392 0.399113 -1.28008 1258 446 428 -1 445 -1
445 -0.362779 0.497716 -1.24285 461 1259 444 -1 1275 -1
446 -0.260555 0.407899 -1.35337 444 447 1239 -1 1259 -1
447 -0.152748 0.413484 -1.4083 446 448 432 -1 449 -1
448 -0.0334055 0.417414 -1.43198 447 433 1240 -1 1260 -1
449 -0.154331 0.515151 -1.37346 1259 1260 447 -1 463 -1
450 0.0748985 0.612591 -1.35022 1277 451 1241 -1 1261 -1
451 0.190795 0.602211 -1.32969 450 453 1243 -1 452 -1
452 0.181955 0.697533 -1.28464 1261 1262 451 -1 1280 -1
453 0.286961 0.582168 -1.26837 451 1263 1244 -1 1262 -1
454 0.438428 0.529731 -1.1034 1263 1265 1247 -1 466 -1
455 0.499471 0.385088 -0.925655 1249 457 1248 -1 456 -1
456 0.497674 0.457873 -0.899812 1265 1266 455 -1 1285 -1
457 0.479799 0.360236 -0.821959 455 1267 437 -1 1266 -1
458 -0.406858 0.313801 -0.653244 1270 459 442 -1 1290 -1
459 -0.463341 0.326704 -0.746436 458 1256 422 -1 1291 -1
460 -0.492816 0.45438 -0.928703 1271 1272 1257 -1 476 -1
461 -0.427979 0.4817 -1.14449 1272 445 1258 -1 1274 -1
462 -0.253931 0.602212 -1.28304 1275 463 1259 -1 1276 -1
463 -0.149957 0.612703 -1.33356 462 1277 449 -1 1278 -1
464 0.0735016 0.795451 -1.25112 481 1280 1261 -1 1281 -1
465 0.27571 0.765227 -1.17553 1280 467 1262 -1 1283 -1
466 0.43057 0.621842 -1.07059 1264 468 454 -1 1284 -1
467 0.364807 0.740606 -1.10935 465 1284 1264 -1 1302 -1
468 0.473372 0.582446 -0.971595 466 1285 1265 -1 1286 -1
469 0.464078 0.480571 -0.662274 1287 486 1267 -1 1307 -1
470 0.398746 0.363566 -0.614052 1267 471 1251 -1 486 -1
471 0.331799 0.365439 -0.514187 470 1308 1268 -1 1330 -1
472 0.14295 0.276401 -0.449497 1269 1288 439 -1 502 -1
473 -0.15955 0.293082 -0.442314 1289 474 440 -1 1332 -1
474 -0.256195 0.29854 -0.498261 473 1270 1255 -1 1309 -1
475 -0.488258 0.506512 -0.790831 -1 476 1271 -1 489 -1
476 -0.48993 0.54682 -0.895495 475 1273 460 -1 1292 -1
477 -0.466675 0.645386 -0.969944 1292 478 1273 -1 1312 -1
478 -0.411662 0.663638 -1.07662 477 479 1274 -1 1293 -1
479 -0.341933 0.682793 -1.17751 478 1276 1275 -1 1294 -1
480 -0.24314 0.786077 -1.18772 1294 1295 1276 -1 493 -1
481 -0.0334797 0.799824 -1.25775 1295 464 1279 -1 1297 -1
482 0.172581 0.951619 -1.11073 1298 483 1282 -1 1300 -1
483 0.267848 0.930273 -1.05664 482 1301 1283 -1 497 -1
484 0.420247 0.79307 -0.968488 1302 1304 1284 -1 1303 -1
485 0.493117 0.634231 -0.81694 1286 1306 1285 -1 1305 -1
486 0.408443 0.470161 -0.554687 469 1330 470 -1 1329 -1
487 -0.347284 0.398674 -0.502792 1309 1290 1270 -1 504 -1
488 -0.469258 0.53919 -0.649239 1310 489 1291 -1 505 -1
489 -0.490023 0.581209 -0.750942 488 1292 475 -1 1311 -1
490 -0.485204 0.69322 -0.818008 1311 1312 1292 -1 1313 -1
491 -0.458909 0.802986 -0.882997 1313 492 1312 -1 1338 -1
492 -0.399775 0.82927 -0.977404 491 1315 1293 -1 1314 -1
493 -0.241374 0.873765 -1.12968 1315 1296 480 -1 494 -1
494 -0.231521 0.952405 -1.06945 1316 495 493 -1 508 -1
495 -0.130256 0.962313 -1.11252 494 1317 1296 -1 1318 -1
496 0.162593 1.09889 -0.968124 1320 1322 1300 -1 511 -1
497 0.251776 1.01246 -0.996914 1300 498 483 -1 1322 -1
498 0.330349 0.991979 -0.940808 497 499 1301 -1 1323 -1
499 0.392202 0.962564 -0.863345 498 1324 1303 -1 1325 -1
500 0.480651 0.816239 -0.729884 1326 501 1305 -1 517 -1
501 0.498813 0.783364 -0.629182 500 519 1327 -1 1350 -1
502 0.144063 0.383991 -0.362214 1308 503 472 -1 545 -1
503 0.0435943 0.389344 -0.325866 502 1331 1288 -1 580 -1
504 -0.357426 0.482593 -0.436817 522 1310 487 -1 1352 -1
505 -0.473582 0.619567 -0.605928 1333 1311 488 -1 1334 -1
506 -0.374293 0.988482 -0.874353 1339 507 1314 -1 1340 -1
507 -0.306767 1.00828 -0.946061 506 508 1316 -1 1341 -1
508 -0.219152 1.02959 -1.01037 507 1318 494 -1 509 -1
509 -0.20425 1.09998 -0.945175 1341 510 508 -1 530 -1
510 -0.107594 1.10751 -0.974853 509 1342 1318 -1 1343 -1
511 0.160399 1.16563 -0.892352 1321 514 496 -1 512 -1
512 0.145807 1.22477 -0.809058 1345 1347 511 -1 532 -1
513 0.341971 1.1238 -0.763128 515 1349 1325 -1 1348 -1
514 0.237064 1.15155 -0.847492 511 515 1322 -1 1347 -1
515 0.299531 1.13503 -0.797257 514 513 1323 -1 1347 -1
516 0.418916 1.01977 -0.729227 1325 518 1324 -1 1349 -1
517 0.47279 0.905623 -0.68643 1324 1350 500 -1 518 -1
518 0.462486 0.993724 -0.647625 516 540 517 -1 537 -1
519 0.484365 0.756471 -0.522775 501 542 1328 -1 543 -1
520 0.447528 0.642629 -0.451927 1328 544 1329 -1 542 -1
521 0.260191 0.46414 -0.3544 1330 545 1308 -1 1367 -1
522 -0.27192 0.476968 -0.349279 546 504 1309 -1 1368 -1
523 -0.460076 0.663269 -0.454767 547 1334 1333 -1 548 -1
524 -0.489525 0.781514 -0.531894 548 1336 1334 -1 1370 -1
525 -0.467117 0.932614 -0.697262 1353 1339 1337 -1 526 -1
526 -0.450256 1.01382 -0.653879 550 527 525 -1 551 -1
527 -0.403755 1.04117 -0.737951 526 1340 1339 -1 1354 -1
528 -0.331125 1.13489 -0.759553 1354 529 1340 -1 1355 -1
529 -0.259264 1.15224 -0.819824 528 530 1341 -1 1356 -1
530 -0.18804 1.16853 -0.878143 529 1343 509 -1 531 -1
531 -0.164477 1.22638 -0.799976 1356 1357 530 -1 556 -1
532 0.138551 1.27856 -0.729351 1346 534 512 -1 1623 -1
533 0.159392 1.32504 -0.625744 1623 536 534 -1 -1 -1
534 0.202111 1.27373 -0.699214 532 535 1347 -1 533 -1
535 0.265426 1.2543 -0.643173 534 1361 1348 -1 536 -1
536 0.222855 1.31445 -0.585381 533 558 535 -1 -1 -1
537 0.433908 1.07541 -0.601748 1349 541 518 -1 539 -1
538 0.360873 1.17876 -0.638787 1348 539 1349 -1 1361 -1
539 0.395791 1.15937 -0.560204 538 1362 537 -1 1363 -1
540 0.478087 0.964471 -0.548912 518 1364 1350 -1 541 -1
541 0.463957 1.05925 -0.516997 537 562 540 -1 1362 -1
542 0.467727 0.73047 -0.408828 519 1366 520 -1 1365 -1
543 0.495372 0.847766 -0.484539 1350 1365 519 -1 1364 -1
544 0.398357 0.627732 -0.336831 520 564 1351 -1 1366 -1
545 0.173276 0.470924 -0.250884 521 580 502 -1 1385 -1
546 -0.182697 0.476058 -0.244702 1386 522 1332 -1 1387 -1
547 -0.405604 0.639253 -0.337938 565 523 1352 -1 1369 -1
548 -0.471496 0.747522 -0.417004 1369 524 523 -1 549 -1
549 -0.486013 0.839701 -0.394733 566 1370 548 -1 567 -1
550 -0.47386 0.983251 -0.558775 1371 526 1353 -1 1373 -1
551 -0.424923 1.08908 -0.604364 1373 1354 526 -1 552 -1
552 -0.388664 1.17018 -0.562347 1374 553 551 -1 1375 -1
553 -0.356781 1.18716 -0.635555 552 1355 1354 -1 1376 -1
554 -0.265609 1.2574 -0.636607 1376 555 1355 -1 1377 -1
555 -0.207782 1.2743 -0.689518 554 556 1356 -1 557 -1
556 -0.146133 1.27993 -0.723157 555 1359 531 -1 1624 -1
557 -0.16309 1.32647 -0.621182 1377 1624 555 -1 -1 -1
558 0.264204 1.31216 -0.521732 536 559 1361 -1 -1 -1
559 0.298777 1.31063 -0.454528 558 560 1363 -1 -1 -1
560 0.33335 1.3091 -0.387323 559 573 1378 -1 -1 -1
561 0.453927 1.13387 -0.395285 1362 1381 562 -1 1379 -1
562 0.476117 1.03711 -0.421844 541 1380 1364 -1 561 -1
563 0.469832 0.801793 -0.271522 1365 578 1366 -1 1383 -1
564 0.361299 0.612497 -0.238419 544 579 1367 -1 1384 -1
565 -0.364478 0.618846 -0.23449 581 547 1368 -1 1388 -1
566 -0.473694 0.813906 -0.296099 583 549 1369 -1 1389 -1
567 -0.498839 0.933212 -0.373312 1389 1371 549 -1 1390 -1
568 -0.446698 1.14237 -0.403829 1391 1374 1372 -1 1392 -1
569 -0.331764 1.31107 -0.384801 589 570 1393 -1 -1 -1
570 -0.296678 1.31317 -0.451386 569 571 1375 -1 -1 -1
571 -0.261593 1.31527 -0.51797 570 1377 1376 -1 -1 -1
572 0.424919 1.21109 -0.288357 1379 1394 1381 -1 574 -1
573 0.357857 1.30605 -0.324311 560 574 1379 -1 -1 -1
574 0.36927 1.30038 -0.265464 573 1395 572 -1 -1 -1
575 0.492841 1.0051 -0.245955 1380 1396 1383 -1 576 -1
576 0.473432 1.10706 -0.232457 1381 1397 575 -1 1394 -1
577 0.395698 0.690926 -0.155566 1384 594 579 -1 578 -1
578 0.456326 0.781891 -0.162368 563 1408 1384 577 1398 -1
579 0.325714 0.6078 -0.155716 564 596 1385 -1 577 -1
580 0.0813257 0.499831 -0.127349 545 1386 503 -1 595 -1
581 -0.31984 0.606965 -0.139848 1410 565 1387 -1 1399 -1
582 -0.446041 0.774881 -0.118877 1411 583 1399 -1 598 -1
583 -0.464396 0.794365 -0.205781 582 566 1388 -1 584 -1
584 -0.483942 0.896131 -0.196794 598 1389 583 -1 1400 -1
585 -0.490716 1.01279 -0.261927 1400 1390 1389 -1 586 -1
586 -0.471483 1.11411 -0.247131 1401 1391 585 -1 1403 -1
587 -0.421509 1.21585 -0.290557 1403 1392 1391 -1 588 -1
588 -0.367925 1.30268 -0.264212 1404 589 587 -1 -1 -1
589 -0.356487 1.30835 -0.323228 588 569 1392 -1 -1 -1
590 0.450668 1.19879 -0.143743 1394 591 1397 -1 592 -1
591 0.451924 1.20205 -0.0653571 590 602 1406 -1 1405 -1
592 0.388508 1.29276 -0.129349 1395 1405 590 -1 -1 -1
593 0.477002 0.87974 -0.0707798 1398 607 1408 -1 1407 -1
594 0.378682 0.680058 -0.0609809 577 609 596 -1 1408 -1
595 0.196987 0.538128 -0.0565193 1385 1424 580 -1 596 -1
596 0.294537 0.603334 -0.0561372 579 611 595 -1 594 -1
597 -0.376495 0.678645 -0.0325956 1427 1399 1410 -1 1411 -1
598 -0.476763 0.875827 -0.112169 1412 584 582 -1 1414 -1
599 -0.479579 1.09615 -0.0994152 1415 1401 1414 -1 601 -1
600 -0.452357 1.20338 -0.0351748 1430 601 1415 -1 1416 -1
601 -0.4506 1.20151 -0.103818 600 1402 599 -1 1417 -1
602 0.452621 1.20464 0.00997821 591 1418 605 -1 603 -1
603 0.392631 1.29435 0.0109731 1405 604 602 -1 -1 -1
604 0.387661 1.29718 0.0813172 603 1420 1418 -1 -1 -1
605 0.480047 1.09971 0.00921705 1406 606 608 -1 602 -1
606 0.478682 1.10175 0.0827903 605 622 1421 -1 1418 -1
607 0.477123 0.884309 0.010346 593 1422 610 -1 608 -1
608 0.498583 0.992301 0.00878787 1407 1421 607 -1 605 -1
609 0.381268 0.686855 0.0163027 594 624 611 -1 610 -1
610 0.443631 0.780427 0.012655 1408 1423 609 -1 607 -1
611 0.299881 0.609261 0.0201751 596 625 1424 -1 609 -1
612 -0.291028 0.601336 0.0508374 626 1410 1426 -1 1427 -1
613 -0.441349 0.774636 0.0489245 1439 1411 1427 -1 614 -1
614 -0.476879 0.880578 0.0485862 628 1412 613 -1 616 -1
615 -0.499543 0.989374 0.127105 629 616 628 -1 1428 -1
616 -0.49863 0.989905 0.0489462 615 1413 614 -1 617 -1
617 -0.479756 1.09888 0.0440908 1428 1415 616 -1 1430 -1
618 -0.386648 1.29731 0.102398 631 619 1429 -1 -1 -1
619 -0.391465 1.29482 0.0304279 618 1416 1430 -1 -1 -1
620 0.429185 1.21689 0.226574 1419 1432 1434 -1 1431 -1
621 0.49604 1.00405 0.169005 1421 1433 1436 -1 622 -1
622 0.47613 1.10721 0.162323 606 1434 621 -1 1419 -1
623 0.464492 0.799688 0.181494 1423 1449 1437 -1 1436 -1
624 0.386887 0.689104 0.0972844 609 1437 625 -1 1423 -1
625 0.316887 0.611989 0.104489 611 1450 1438 -1 624 -1
626 -0.326334 0.609531 0.149142 655 612 1453 -1 627 -1
627 -0.393341 0.690186 0.141256 1454 1427 626 -1 1439 -1
628 -0.478708 0.882617 0.130145 1440 614 1439 -1 615 -1
629 -0.493691 1.00757 0.211694 642 615 1440 -1 1442 -1
630 -0.438414 1.20973 0.191903 1443 1429 1442 -1 631 -1
631 -0.381472 1.29922 0.177897 1444 618 630 -1 -1 -1
632 0.402102 1.23413 0.340701 1432 633 1446 -1 1664 -1
633 0.379549 1.24651 0.40901 632 634 1447 -1 1665 -1
634 0.356997 1.25889 0.477319 633 646 648 -1 1666 -1
635 0.498846 0.942707 0.345226 637 650 652 -1 636 -1
636 0.482134 1.03872 0.323212 1433 1448 635 -1 1435 -1
637 0.491667 0.921421 0.259869 1436 635 1449 -1 1433 -1
638 0.442413 0.727263 0.277184 1437 651 653 -1 1449 -1
639 0.148829 0.495657 0.183916 1425 672 694 -1 1438 -1
640 -0.466799 0.801062 0.226328 1455 1439 1454 -1 1440 -1
641 -0.495075 0.923668 0.306442 657 1440 1455 -1 642 -1
642 -0.486651 1.02517 0.292638 1456 629 641 -1 1441 -1
643 -0.455264 1.14374 0.36001 1457 1441 1456 -1 644 -1
644 -0.407099 1.22958 0.330887 1459 1443 643 -1 1628 -1
645 0.320537 1.21192 0.646031 649 1463 665 -1 647 -1
646 0.325164 1.26498 0.531453 634 647 649 -1 1445 -1
647 0.280915 1.27286 0.582174 646 1464 645 -1 1682 -1
648 0.398143 1.17883 0.512787 1447 649 1466 -1 634 -1
649 0.362581 1.20053 0.588871 648 645 1467 -1 646 -1
650 0.488993 0.964723 0.424708 635 1468 1470 -1 1448 -1
651 0.469953 0.75524 0.383848 638 670 1494 -1 652 -1
652 0.483678 0.845118 0.35726 1449 1470 651 -1 635 -1
653 0.399776 0.645054 0.306495 1450 1494 671 -1 638 -1
654 -0.326796 0.551164 0.300479 1495 1453 696 -1 655 -1
655 -0.377332 0.627063 0.267197 1472 626 654 -1 1454 -1
656 -0.460434 0.729776 0.339511 675 1454 1472 -1 1455 -1
657 -0.495571 0.943519 0.393093 1475 641 1473 -1 1456 -1
658 -0.468255 1.06355 0.459513 659 1456 1475 -1 1457 -1
659 -0.449649 1.08254 0.53414 1476 658 1474 -1 660 -1
660 -0.411674 1.16539 0.494369 1477 1457 659 -1 1458 -1
661 -0.351815 1.19968 0.623693 1478 1477 679 -1 662 -1
662 -0.282496 1.2678 0.59006 1479 1689 1478 661 1690 -1
663 0.117138 1.25015 0.78132 1488 664 1484 -1 1461 -1
664 0.0441902 1.25013 0.807412 663 1504 1485 -1 1462 -1
665 0.353188 1.15018 0.710192 1467 666 1490 -1 645 -1
666 0.291419 1.16453 0.762848 665 1487 1486 -1 1463 -1
667 0.422784 1.04622 0.679242 1492 1490 1489 -1 1467 -1
668 0.498585 0.81864 0.583697 670 690 692 -1 669 -1
669 0.488286 0.906219 0.545615 1470 1491 668 -1 1468 -1
670 0.485121 0.786885 0.48409 651 668 1493 -1 1470 -1
671 0.366358 0.565531 0.349124 1451 693 1513 -1 653 -1
672 0.251649 0.482635 0.31647 639 1513 1512 -1 1451 -1
673 0.0260935 0.412327 0.290281 695 694 734 -1 1425 -1
674 -0.464322 0.664877 0.478879 698 1472 697 -1 675 -1
675 -0.474909 0.754658 0.440107 1496 656 674 -1 1473 -1
676 -0.482792 0.902727 0.600454 1497 677 700 -1 1474 -1
677 -0.497667 0.873009 0.510611 676 1473 1496 -1 1475 -1
678 -0.451088 1.01719 0.646608 1499 1474 1497 -1 1476 -1
679 -0.387766 1.11835 0.665424 1501 1476 1499 -1 661 -1
680 -0.201687 1.18089 0.846048 1503 1500 1519 -1 683 -1
681 -0.248499 1.22726 0.720476 683 1478 1500 -1 1479 -1
682 -0.113598 1.24201 0.79477 1504 683 1503 -1 1482 -1
683 -0.182071 1.24215 0.770087 682 681 680 -1 1483 -1
684 0.163929 1.06468 1.00672 1507 1505 707 -1 685 -1
685 0.149832 1.13294 0.933137 688 1506 684 -1 1484 -1
686 0.353514 0.958536 0.955518 1508 708 1527 -1 687 -1
687 0.335122 1.0302 0.892394 689 1507 686 -1 1486 -1
688 0.236034 1.12159 0.888387 1486 685 1507 -1 1487 -1
689 0.397652 0.999008 0.809444 1489 687 1508 -1 1490 -1
690 0.482024 0.852309 0.678305 668 691 1509 -1 1491 -1
691 0.463736 0.889281 0.77529 690 1508 712 -1 1489 -1
692 0.492524 0.73449 0.619003 1493 1509 713 -1 668 -1
693 0.421745 0.591032 0.458846 671 1510 1511 -1 1494 -1
694 0.13304 0.405102 0.334823 673 1512 735 -1 639 -1
695 -0.0839439 0.397824 0.328343 1514 673 737 -1 1452 -1
696 -0.294437 0.470998 0.381488 1515 1471 1531 -1 654 -1
697 -0.443793 0.581234 0.519957 718 1495 716 -1 674 -1
698 -0.48181 0.69578 0.581627 1516 674 718 -1 1496 -1
699 -0.475267 0.847218 0.735522 701 700 720 -1 1497 -1
700 -0.49258 0.814403 0.641216 699 1496 1516 -1 676 -1
701 -0.45025 0.879421 0.826677 721 699 719 -1 702 -1
702 -0.431378 0.962477 0.774712 1517 1497 701 -1 1499 -1
703 -0.314942 1.01831 0.926358 1518 1517 723 -1 704 -1
704 -0.29436 1.09402 0.86084 1519 1498 703 -1 1500 -1
705 -0.13292 1.12497 0.947321 1522 1519 1521 -1 1503 -1
706 0.174053 0.911618 1.14542 1525 1523 1541 -1 707 -1
707 0.169409 0.990763 1.07723 708 1524 706 -1 684 -1
708 0.263919 0.976802 1.01932 686 707 1525 -1 1507 -1
709 0.424082 0.846978 0.913594 712 1527 1526 -1 1508 -1
710 0.499502 0.612845 0.793093 1529 730 731 -1 711 -1
711 0.494966 0.690648 0.755131 713 1528 710 -1 1509 -1
712 0.470187 0.809 0.816675 1509 709 1528 -1 691 -1
713 0.485279 0.653568 0.65583 1510 711 1529 -1 692 -1
714 0.459884 0.536543 0.59865 1511 1529 732 -1 1510 -1
715 0.324429 0.414429 0.468706 1512 1530 733 -1 1513 -1
716 -0.425878 0.493502 0.568848 1532 1515 1548 -1 697 -1
717 -0.493634 0.640016 0.723465 1533 718 738 -1 1516 -1
718 -0.474223 0.608969 0.621176 717 697 1532 -1 698 -1
719 -0.462553 0.796026 0.87899 1534 720 740 -1 701 -1
720 -0.481919 0.761307 0.78022 719 1516 1533 -1 699 -1
721 -0.395221 0.91296 0.913057 723 701 1534 -1 1517 -1
722 -0.336547 0.861633 1.05592 1535 1534 743 -1 723 -1
723 -0.327207 0.943002 0.992841 1536 721 722 -1 703 -1
724 -0.0383878 0.993137 1.10974 1524 1539 1537 -1 1520 -1
725 0.0693555 0.831266 1.22818 1541 744 1540 -1 1523 -1
726 0.191999 0.743835 1.25695 1542 1540 747 -1 1541 -1
727 0.276729 0.815311 1.14125 729 1541 1542 -1 1525 -1
728 0.436474 0.691216 1.01363 730 1543 749 -1 1526 -1
729 0.36508 0.800266 1.069 1526 727 1543 -1 1527 -1
730 0.476582 0.658012 0.901738 710 728 1544 -1 1528 -1
731 0.498644 0.545339 0.827548 -1 1544 753 -1 710 -1
732 0.448787 0.450211 0.646038 1530 1545 754 -1 714 -1
733 0.313995 0.333242 0.521423 1547 1546 1562 -1 715 -1
734 0.0279077 0.307498 0.401256 737 735 1563 -1 673 -1
735 0.131777 0.313329 0.422155 734 1547 1564 -1 694 -1
736 -0.176145 0.292384 0.446742 756 737 773 -1 1514 -1
737 -0.0745788 0.300186 0.417283 736 734 1565 -1 695 -1
738 -0.489237 0.552335 0.766117 739 1532 1550 -1 717 -1
739 -0.489829 0.591253 0.866417 1551 738 758 -1 1533 -1
740 -0.466391 0.711115 0.92774 741 1533 1551 -1 719 -1
741 -0.409602 0.745591 1.02556 743 740 1552 -1 1534 -1
742 -0.346708 0.687604 1.17047 760 1552 759 -1 743 -1
743 -0.342045 0.776159 1.11503 1553 741 742 -1 722 -1
744 -0.0369292 0.829699 1.23697 725 1554 762 -1 1537 -1
745 0.0815197 0.650593 1.33002 747 761 764 -1 1540 -1
746 0.293653 0.641852 1.23397 750 747 1555 -1 1542 -1
747 0.200105 0.6535 1.29777 746 745 1556 -1 726 -1
748 0.386421 0.541579 1.18416 1557 1555 768 -1 750 -1
749 0.441359 0.609787 1.05904 1544 750 1557 -1 728 -1
750 0.377868 0.629327 1.15512 749 746 748 -1 1543 -1
751 0.479576 0.502848 0.978861 753 1557 1558 -1 1544 -1
752 0.495927 0.396382 0.894341 1559 1558 770 -1 753 -1
753 0.497028 0.475742 0.861363 1545 751 752 -1 731 -1
754 0.442652 0.367141 0.686542 1546 1559 771 -1 732 -1
755 -0.3471 0.289858 0.571496 1566 756 1578 -1 1549 -1
756 -0.262441 0.292071 0.507468 755 736 774 -1 1531 -1
757 -0.465048 0.392132 0.723717 1567 1548 775 -1 1532 -1
758 -0.490627 0.50711 0.914948 1569 1550 1568 -1 739 -1
759 -0.352926 0.589996 1.21547 1571 1570 1582 -1 742 -1
760 -0.24946 0.708685 1.23386 763 742 1571 -1 1553 -1
761 -0.0322565 0.646823 1.34278 745 1572 782 -1 762 -1
762 -0.0354322 0.742479 1.29491 1540 763 761 -1 744 -1
763 -0.145966 0.727176 1.27799 762 760 1572 -1 1554 -1
764 0.0895482 0.558928 1.37217 1556 782 1573 -1 745 -1
765 0.305572 0.459299 1.30423 768 1574 786 -1 1555 -1
766 0.454349 0.347912 1.14929 1576 1575 788 -1 767 -1
767 0.454711 0.440688 1.11722 1558 768 766 -1 1557 -1
768 0.390182 0.454223 1.2144 767 765 1575 -1 748 -1
769 0.474623 0.307513 0.814958 771 770 1577 -1 1559 -1
770 0.495358 0.317625 0.921369 769 1576 1591 -1 752 -1
771 0.439043 0.292031 0.716909 1560 769 772 -1 754 -1
772 0.437208 0.248721 0.728716 -1 1577 1592 -1 771 -1
773 -0.171932 0.194315 0.496969 774 1565 1595 -1 736 -1
774 -0.259971 0.192209 0.550076 1578 773 1596 -1 756 -1
775 -0.46524 0.287238 0.772128 1579 1566 1597 -1 757 -1
776 -0.46984 0.329543 1.1017 1581 1580 1598 -1 777 -1
777 -0.46921 0.436739 1.06865 778 1568 776 -1 1569 -1
778 -0.420208 0.461725 1.1645 1582 777 1581 -1 1570 -1
779 -0.352686 0.396244 1.29246 1583 1581 800 -1 1582 -1
780 -0.256436 0.514297 1.32015 783 1582 1583 -1 1571 -1
781 -0.142132 0.438902 1.4019 1584 1583 803 -1 783 -1
782 -0.0304998 0.550891 1.38728 764 783 1584 -1 761 -1
783 -0.149028 0.534569 1.36798 782 780 781 -1 1572 -1
784 0.0830602 0.353176 1.43905 787 802 1585 -1 1573 -1
785 0.203502 0.254964 1.42841 1586 1585 807 -1 787 -1
786 0.297973 0.356508 1.34399 1575 787 1586 -1 765 -1
787 0.196307 0.356276 1.41315 786 784 785 -1 1574 -1
788 0.452309 0.252727 1.17648 789 1587 809 -1 766 -1
789 0.481784 0.245682 1.06171 1591 788 1588 -1 1576 -1
790 0.377649 0.131736 0.668186 1593 1592 1608 -1 1560 -1
791 0.218439 0.116603 0.542654 1594 1593 1609 -1 1561 -1
792 0.0251538 0.105089 0.492891 793 1594 7 -1 1563 -1
793 -0.0737367 0.0991994 0.503895 1595 792 8 -1 1565 -1
794 -0.411834 0.181843 0.71027 1597 1578 814 -1 1566 -1
795 -0.486691 0.186516 0.912232 796 1597 1612 -1 1579 -1
796 -0.492041 0.198446 1.01864 1598 795 1613 -1 1580 -1
797 -0.416799 0.273238 1.22646 800 1598 1600 -1 1581 -1
798 -0.340758 0.208752 1.34429 1601 1600 1616 -1 800 -1
799 -0.244968 0.324537 1.38638 803 800 1601 -1 1583 -1
800 -0.34725 0.301857 1.32136 799 797 798 -1 779 -1
801 -0.0286272 0.244488 1.47169 1585 1602 1619 -1 802 -1
802 -0.0290258 0.348362 1.45094 784 803 801 -1 1584 -1
803 -0.141036 0.337258 1.43049 802 799 1602 -1 781 -1
804 0.09402 0.148027 1.4716 807 1619 1603 -1 1585 -1
805 0.215035 0.0488045 1.44291 1604 1603 823 -1 807 -1
806 0.307025 0.154295 1.37453 810 807 1604 -1 1586 -1
807 0.209439 0.152848 1.43983 806 804 805 -1 785 -1
808 0.393255 0.061329 1.29012 1605 1604 3 -1 810 -1
809 0.45093 0.156525 1.19756 1588 810 1605 -1 788 -1
810 0.387315 0.156711 1.29275 809 806 808 -1 1587 -1
811 0.494719 0.050305 0.970151 1607 1606 827 -1 1590 -1
812 0.434857 0.0324337 0.766 1608 1607 6 -1 1592 -1
813 -0.348902 0.083007 0.637898 814 1596 9 -1 1578 -1
814 -0.409284 0.0819569 0.724482 815 813 11 -1 794 -1
815 -0.464412 0.0815803 0.815741 1612 814 830 -1 1597 -1
816 -0.469709 0.0810084 1.14698 1614 1613 13 -1 1599 -1
817 -0.354428 0.00173692 1.35213 1615 15 833 -1 1616 -1
818 -0.244368 0.119905 1.41865 819 1616 1615 -1 1601 -1
819 -0.141544 0.131431 1.46323 1619 818 1618 -1 1602 -1
820 0.101532 -0.170856 1.46861 822 835 18 -1 0 -1
821 0.311584 -0.14827 1.37188 824 822 19 -1 1 -1
822 0.217121 -0.160568 1.43419 821 820 840 -1 823 -1
823 0.21691 -0.0537816 1.44133 1 0 822 -1 805 -1
824 0.391826 -0.133858 1.2875 2 821 20 -1 3 -1
825 0.483399 -0.0890321 1.07762 827 2 21 -1 4 -1
826 0.462302 -0.0122614 1.18872 4 3 2 -1 1605 -1
827 0.494265 -0.0571879 0.967422 5 825 842 -1 811 -1
828 0.376479 -0.0795627 0.675543 24 6 41 -1 1608 -1
829 -0.176713 -0.0135587 0.534262 10 8 26 -1 1595 -1
830 -0.465236 -0.0269654 0.82346 12 11 27 -1 815 -1
831 -0.469492 -0.103879 1.14656 834 832 852 -1 13 -1
832 -0.492052 -0.115279 1.0324 831 28 29 -1 14 -1
833 -0.354259 -0.0962028 1.34619 16 834 33 -1 817 -1
834 -0.417127 -0.0954193 1.25215 833 831 30 -1 15 -1
835 -0.0212943 -0.180041 1.48396 820 836 855 -1 17 -1
836 -0.151 -0.190172 1.4575 835 32 34 -1 837 -1
837 -0.140087 -0.0805387 1.46686 17 16 836 -1 1618 -1
838 0.304678 -0.357594 1.33921 38 839 857 -1 19 -1
839 0.204211 -0.373713 1.40431 838 35 36 -1 840 -1
840 0.212565 -0.266574 1.41994 19 18 839 -1 822 -1
841 0.456004 -0.2216 1.17704 21 20 859 -1 2 -1
842 0.495797 -0.178083 0.960488 22 21 861 -1 827 -1
843 0.43845 -0.177432 0.751676 41 22 862 -1 6 -1
844 0.123095 -0.0926133 0.515193 25 23 864 -1 1611 -1
845 -0.0771214 -0.105513 0.503324 26 25 67 -1 8 -1
846 -0.35071 -0.126542 0.630596 848 847 43 -1 9 -1
847 -0.264189 -0.116787 0.573719 846 26 865 -1 10 -1
848 -0.410676 -0.140192 0.716793 27 846 866 -1 11 -1
849 -0.487272 -0.189767 0.91456 29 27 44 -1 28 -1
850 -0.466919 -0.275535 1.13181 853 851 46 -1 852 -1
851 -0.489416 -0.270203 1.0178 850 44 868 -1 29 -1
852 -0.467956 -0.187593 1.14399 30 29 850 -1 831 -1
853 -0.412191 -0.285691 1.231 31 850 47 -1 30 -1
854 -0.250341 -0.291231 1.38935 34 31 49 -1 32 -1
855 -0.0218484 -0.285215 1.46496 18 34 52 -1 835 -1
856 0.099863 -0.480638 1.39659 36 871 54 -1 35 -1
857 0.30898 -0.455432 1.30314 37 36 56 -1 838 -1
858 0.453079 -0.419659 1.12694 860 37 58 -1 859 -1
859 0.45646 -0.322964 1.15443 39 38 858 -1 841 -1
860 0.479882 -0.401283 1.02414 63 858 60 -1 39 -1
861 0.497439 -0.290543 0.941589 40 39 63 -1 842 -1
862 0.44327 -0.279754 0.727742 64 40 84 -1 843 -1
863 0.306282 -0.181623 0.586278 42 41 65 -1 24 -1
864 0.124643 -0.191465 0.488025 877 42 894 -1 844 -1
865 -0.268678 -0.217801 0.547519 43 66 87 -1 847 -1
866 -0.415502 -0.24479 0.695818 45 43 68 -1 848 -1
867 -0.48909 -0.349453 0.877361 868 880 879 -1 44 -1
868 -0.488916 -0.358177 0.99092 46 867 881 -1 851 -1
869 -0.405527 -0.466861 1.18591 48 70 71 -1 47 -1
870 -0.235143 -0.484859 1.34514 51 48 73 -1 49 -1
871 -0.014128 -0.488427 1.41192 856 51 75 -1 52 -1
872 0.0990448 -0.672623 1.31528 55 74 77 -1 54 -1
873 0.303259 -0.647679 1.22395 875 55 79 -1 56 -1
874 0.441332 -0.607505 1.06021 82 875 889 -1 58 -1
875 0.381379 -0.629186 1.14935 874 873 81 -1 59 -1
876 0.477608 -0.432943 0.773849 84 61 892 -1 62 -1
877 0.0223905 -0.200925 0.462169 67 864 86 -1 25 -1
878 -0.355186 -0.311547 0.568315 68 87 88 -1 43 -1
879 -0.489769 -0.451019 0.832955 881 89 898 -1 867 -1
880 -0.46786 -0.341263 0.76453 867 68 89 -1 45 -1
881 -0.488023 -0.469701 0.947962 69 879 91 -1 868 -1
882 -0.402404 -0.634553 1.11169 883 90 92 -1 71 -1
883 -0.328581 -0.660129 1.19899 72 882 904 -1 884 -1
884 -0.32971 -0.571656 1.24178 73 71 883 -1 48 -1
885 -0.125839 -0.679753 1.30583 74 72 94 -1 76 -1
886 0.0911268 -0.852638 1.2087 78 905 95 -1 77 -1
887 0.289449 -0.826594 1.12351 888 78 97 -1 79 -1
888 0.370296 -0.807631 1.05471 100 887 99 -1 81 -1
889 0.435512 -0.695222 1.01268 890 81 100 -1 874 -1
890 0.474244 -0.666864 0.909927 102 889 101 -1 82 -1
891 0.498746 -0.549199 0.84072 892 82 102 -1 61 -1
892 0.480686 -0.520511 0.735793 104 891 103 -1 876 -1
893 0.31921 -0.37939 0.494771 914 83 122 -1 65 -1
894 0.125088 -0.293549 0.433775 86 85 123 -1 864 -1
895 -0.178606 -0.298843 0.443013 87 896 124 -1 66 -1
896 -0.0769772 -0.299197 0.418516 895 86 932 -1 67 -1
897 -0.420586 -0.410322 0.622039 89 88 106 -1 68 -1
898 -0.492524 -0.53863 0.795106 91 899 107 -1 879 -1
899 -0.47193 -0.514002 0.687311 898 106 915 -1 89 -1
900 -0.483077 -0.656785 0.863366 901 107 916 -1 91 -1
901 -0.461139 -0.688379 0.971226 92 900 919 -1 90 -1
902 -0.224882 -0.846108 1.16225 906 903 922 -1 93 -1
903 -0.31521 -0.829631 1.10083 902 109 110 -1 904 -1
904 -0.323447 -0.74559 1.15037 93 92 903 -1 883 -1
905 -0.0140131 -0.858442 1.22323 886 906 112 -1 907 -1
906 -0.120438 -0.854042 1.20077 905 902 113 -1 94 -1
907 -0.014977 -0.773424 1.27981 77 94 905 -1 74 -1
908 0.0932815 -1.00925 1.08112 96 111 115 -1 95 -1
909 0.270358 -0.988052 1.00375 118 96 117 -1 97 -1
910 0.413375 -0.86639 0.917838 121 99 119 -1 100 -1
911 0.489923 -0.722252 0.761063 930 101 120 -1 102 -1
912 0.464888 -0.581756 0.582757 931 103 929 -1 104 -1
913 0.400128 -0.47761 0.53164 122 104 931 -1 83 -1
914 0.231179 -0.380972 0.415351 123 893 142 -1 85 -1
915 -0.47655 -0.60111 0.643595 107 934 126 -1 899 -1
916 -0.477666 -0.744382 0.823443 919 917 128 -1 900 -1
917 -0.497214 -0.715182 0.718618 916 126 935 -1 107 -1
918 -0.435743 -0.858223 0.880571 108 128 936 -1 919 -1
919 -0.450538 -0.773414 0.925558 109 916 918 -1 901 -1
920 -0.206621 -1.00224 1.04783 923 921 938 -1 922 -1
921 -0.288013 -0.987187 0.988851 920 129 939 -1 110 -1
922 -0.214107 -0.926249 1.10783 113 110 920 -1 902 -1
923 -0.11155 -1.00963 1.07597 111 920 132 -1 113 -1
924 0.0995129 -1.14395 0.935731 116 114 134 -1 115 -1
925 0.307784 -1.04977 0.897729 926 117 136 -1 118 -1
926 0.373442 -1.03262 0.82595 137 925 135 -1 119 -1
927 0.444911 -0.927005 0.78451 139 119 137 -1 121 -1
928 0.499878 -0.78325 0.619353 140 120 138 -1 930 -1
929 0.472458 -0.666011 0.544416 951 930 140 -1 912 -1
930 0.490804 -0.693462 0.652702 929 911 928 -1 103 -1
931 0.41707 -0.563153 0.480049 141 912 951 -1 913 -1
932 -0.0832852 -0.397054 0.329023 124 143 981 -1 896 -1
933 -0.292054 -0.473594 0.376118 125 953 952 -1 105 -1
934 -0.443367 -0.576863 0.523977 915 144 145 -1 106 -1
935 -0.489786 -0.802974 0.675504 128 955 146 -1 917 -1
936 -0.418475 -0.938441 0.831346 129 127 148 -1 918 -1
937 -0.252497 -1.12732 0.865209 941 151 961 -1 939 -1
938 -0.193966 -1.07304 0.986292 132 939 941 -1 920 -1
939 -0.266086 -1.06035 0.927831 938 130 937 -1 921 -1
940 -0.0916685 -1.14355 0.938545 114 941 152 -1 132 -1
941 -0.178187 -1.1388 0.917917 940 937 965 -1 938 -1
942 0.163772 -1.2568 0.754698 1658 943 1706 -1 133 -1
943 0.0899726 -1.25774 0.77966 942 944 1652 -1 134 -1
944 0.0161734 -1.25868 0.804623 943 963 1651 -1 945 -1
945 0.0076018 -1.20809 0.883392 134 152 944 -1 114 -1
946 0.318037 -1.175 0.715229 157 947 154 -1 135 -1
947 0.250807 -1.18813 0.77626 946 133 1658 -1 136 -1
948 0.395255 -1.08642 0.693077 158 135 157 -1 137 -1
949 0.478689 -0.958228 0.554439 968 950 159 -1 138 -1
950 0.463002 -0.986741 0.653418 949 137 158 -1 139 -1
951 0.442054 -0.642893 0.436818 162 929 161 -1 931 -1
952 -0.330191 -0.54516 0.317155 144 179 971 -1 933 -1
953 -0.206848 -0.473368 0.276572 933 981 179 -1 124 -1
954 -0.420137 -0.638965 0.383781 145 971 165 -1 144 -1
955 -0.49211 -0.774709 0.56542 935 956 147 -1 126 -1
956 -0.475746 -0.746087 0.460492 955 165 166 -1 145 -1
957 -0.470314 -0.975099 0.604817 149 168 169 -1 146 -1
958 -0.371935 -1.09817 0.738173 151 959 150 -1 148 -1
959 -0.415611 -1.07683 0.652716 958 169 974 -1 149 -1
960 -0.200666 -1.25291 0.739486 964 1637 171 -1 961 -1
961 -0.224133 -1.19158 0.803112 965 962 960 -1 937 -1
962 -0.285768 -1.1802 0.74617 961 150 1637 -1 151 -1
963 -0.0667482 -1.25415 0.793334 944 964 1659 -1 152 -1
964 -0.134143 -1.25441 0.768866 963 960 170 -1 965 -1
965 -0.159802 -1.19751 0.844857 152 961 964 -1 941 -1
966 0.425481 -1.13896 0.501329 175 156 174 -1 159 -1
967 0.475352 -1.03362 0.439729 176 159 175 -1 968 -1
968 0.490145 -0.939164 0.463471 979 949 967 -1 160 -1
969 0.481858 -0.822158 0.383184 177 160 979 -1 161 -1
970 0.434328 -0.708486 0.294536 980 161 177 -1 162 -1
971 -0.371318 -0.619809 0.261602 954 190 982 -1 952 -1
972 -0.495879 -0.930314 0.416377 168 983 182 -1 166 -1
973 -0.365783 -1.2308 0.516687 1638 985 1691 -1 975 -1
974 -0.38254 -1.15552 0.612747 150 975 1638 -1 959 -1
975 -0.411671 -1.14424 0.537272 974 183 973 -1 169 -1
976 0.402167 -1.21789 0.388246 1661 174 1660 -1 175 -1
977 0.466248 -1.12032 0.330758 988 175 1661 -1 176 -1
978 0.488595 -0.902122 0.268783 989 979 187 -1 177 -1
979 0.497658 -0.917786 0.364079 978 968 176 -1 969 -1
980 0.403947 -0.695263 0.192745 990 970 188 -1 178 -1
981 -0.106738 -0.495317 0.158925 953 209 992 -1 932 -1
982 -0.4217 -0.705289 0.245688 165 192 181 -1 971 -1
983 -0.494297 -0.913832 0.323282 972 193 984 -1 180 -1
984 -0.487663 -1.01377 0.310425 182 995 194 -1 983 -1
985 -0.388146 -1.22375 0.436137 973 986 1629 -1 183 -1
986 -0.410332 -1.21607 0.355679 985 1701 1639 -1 184 -1
987 0.475122 -1.10942 0.17715 196 988 1669 -1 186 -1
988 0.471699 -1.11281 0.248143 987 977 1670 -1 187 -1
989 0.482074 -0.890098 0.179088 199 978 186 -1 188 -1
990 0.385257 -0.685152 0.104681 1003 980 200 -1 991 -1
991 0.309894 -0.606072 0.110338 1004 178 990 -1 189 -1
992 -0.204771 -0.542352 0.0714093 179 1012 202 -1 981 -1
993 -0.480485 -0.888272 0.147404 193 204 996 -1 191 -1
994 -0.477324 -1.10433 0.146143 195 1007 1654 -1 996 -1
995 -0.493369 -1.00534 0.231174 984 996 195 -1 193 -1
996 -0.498283 -0.996286 0.150338 995 205 994 -1 993 -1
997 0.385678 -1.30383 0.0250341 206 998 -1 -1 999 -1
998 0.382996 -1.30199 0.114475 997 1671 -1 -1 1662 -1
999 0.445021 -1.21523 0.0219068 1674 1662 997 -1 1000 -1
1000 0.477353 -1.11281 0.0160385 207 196 999 -1 197 -1
1001 0.479174 -0.894804 0.00753067 1009 199 197 -1 1002 -1
1002 0.448081 -0.787329 0.00897174 219 200 1001 -1 1010 1003
1003 0.384136 -0.690624 0.0243039 1010 990 1002 -1 1004 -1
1004 0.301855 -0.610059 0.0281309 208 991 1003 -1 201 -1
1005 0.0857902 -0.515304 0.026861 1023 164 201 -1 143 -1
1006 -0.446666 -0.781675 0.0629168 191 211 204 -1 203 -1
1007 -0.477554 -1.10852 0.0659589 994 214 1655 -1 205 -1
1008 0.498006 -1.00487 -0.0786191 217 197 207 -1 1009 -1
1009 0.480062 -0.894048 -0.0872327 1021 1001 1008 -1 219 -1
1010 0.385412 -0.691384 -0.0418631 220 1003 1002 -1 208 -1
1011 0.207129 -0.545574 -0.0463062 230 201 208 -1 1023 -1
1012 -0.204931 -0.545857 -0.0195703 992 231 210 -1 209 -1
1013 -0.447163 -0.779945 -0.100658 211 222 1014 -1 221 -1
1014 -0.47906 -0.888335 -0.0975536 213 1025 1016 -1 1013 -1
1015 -0.499439 -1.00196 -0.0132004 205 1016 214 -1 213 -1
1016 -0.498808 -0.99982 -0.0941871 1015 1026 215 -1 1014 -1
1017 0.409349 -1.23018 -0.311564 1031 1018 1653 -1 1033 -1
1018 0.425282 -1.2227 -0.227243 1017 1673 1707 -1 1019 -1
1019 0.468434 -1.13084 -0.24144 1033 216 1018 -1 1020 -1
1020 0.487702 -1.02929 -0.256499 1035 217 1019 -1 1036 -1
1021 0.486069 -0.909933 -0.182082 1036 1009 217 -1 218 -1
1022 0.330136 -0.615113 -0.134067 229 208 220 -1 230 -1
1023 0.101628 -0.505135 -0.121342 1054 1005 1011 -1 1074 -1
1024 -0.318854 -0.610019 -0.121115 210 1038 221 -1 231 -1
1025 -0.484889 -0.902227 -0.190492 1014 1039 1026 -1 222 -1
1026 -0.495437 -1.00516 -0.178915 1016 1027 223 -1 1025 -1
1027 -0.489541 -1.01772 -0.267404 1026 1042 224 -1 1039 -1
1028 -0.425684 -1.22016 -0.236917 1633 1029 1693 -1 224 -1
1029 -0.412574 -1.22382 -0.318858 1028 1044 1694 -1 1041 -1
1030 0.239599 -1.32207 -0.543579 1046 1675 -1 -1 1663 -1
1031 0.384299 -1.24202 -0.400188 1676 1017 225 -1 1032 226
1032 0.417253 -1.16588 -0.471386 1049 226 1031 -1 234 -1
1033 0.462054 -1.1442 -0.325843 226 1019 1017 -1 1035 -1
1034 0.470358 -1.06514 -0.429156 234 1035 226 -1 235 -1
1035 0.479236 -1.04667 -0.345001 1034 1020 1033 -1 227 -1
1036 0.494188 -0.930233 -0.273257 227 1021 1020 -1 1037 -1
1037 0.477121 -0.833668 -0.291372 236 218 1036 -1 237 -1
1038 -0.371282 -0.625049 -0.247827 1024 1056 232 -1 240 -1
1039 -0.492827 -0.918944 -0.285279 1025 1043 1027 -1 1040 -1
1040 -0.47556 -0.820983 -0.304379 222 242 1039 -1 241 -1
1041 -0.46279 -1.13489 -0.341795 224 233 1029 -1 1042 -1
1042 -0.480004 -1.037 -0.361511 1027 243 1041 -1 1043 -1
1043 -0.497218 -0.939114 -0.381228 1039 244 1042 -1 242 -1
1044 -0.389062 -1.2347 -0.39962 1029 1045 1692 -1 233 -1
1045 -0.363905 -1.24966 -0.472417 1044 1642 1632 -1 245 -1
1046 0.213036 -1.32259 -0.583666 1695 1030 -1 -1 1047 -1
1047 0.269988 -1.25948 -0.625781 1677 1663 1046 -1 1678 -1
1048 0.358206 -1.19374 -0.617404 1678 1049 1663 -1 252 -1
1049 0.388875 -1.17837 -0.545027 1048 1032 1676 -1 1050 -1
1050 0.425545 -1.09728 -0.585638 252 234 1049 -1 1068 -1
1051 0.473772 -0.993392 -0.539212 1068 235 234 -1 255 -1
1052 0.498491 -0.883864 -0.480947 255 236 235 -1 1070 -1
1053 0.473927 -0.766098 -0.406906 1070 237 236 -1 1072 -1
1054 0.192046 -0.488 -0.225427 1073 1023 230 -1 271 -1
1055 -0.190625 -0.479067 -0.242158 209 1076 231 -1 1099 -1
1056 -0.411382 -0.643173 -0.349499 1038 257 241 -1 1077 -1
1057 -0.472618 -0.749806 -0.425097 241 1078 242 -1 257 -1
1058 -0.473055 -0.9836 -0.5672 244 1081 1059 -1 1080 -1
1059 -0.453627 -1.07546 -0.535072 243 1060 245 -1 1058 -1
1060 -0.420329 -1.09252 -0.612911 1059 258 246 -1 1081 -1
1061 -0.174606 -1.32732 -0.614302 1640 1679 -1 -1 1703 -1
1062 0.156948 -1.23369 -0.791733 249 250 1636 -1 1064 -1
1063 0.0787777 -1.18233 -0.896515 281 1064 249 -1 264 -1
1064 0.161906 -1.17816 -0.873065 1063 1066 1062 -1 1087 -1
1065 0.281699 -1.15182 -0.793525 1066 251 250 -1 266 -1
1066 0.244581 -1.16203 -0.822789 1064 1065 250 -1 265 -1
1067 0.412972 -1.04411 -0.708775 253 1068 252 -1 268 -1
1068 0.455427 -1.02059 -0.629857 1067 1051 1050 -1 254 -1
1069 0.492617 -0.834357 -0.614058 269 1070 255 -1 1095 -1
1070 0.489977 -0.797691 -0.511762 1069 1053 1052 -1 1071 -1
1071 0.479814 -0.713944 -0.545332 1095 1072 1070 -1 1096 -1
1072 0.461181 -0.677964 -0.435744 1071 238 1053 -1 270 -1
1073 0.274133 -0.486392 -0.337831 1097 1054 239 -1 1098 -1
1074 0.051225 -0.409699 -0.303192 271 1075 1023 -1 310 -1
1075 -0.0580331 -0.407683 -0.308642 1074 1099 209 -1 311 -1
1076 -0.277382 -0.4771 -0.355638 1055 272 240 -1 1115 -1
1077 -0.380966 -0.561078 -0.395056 240 1100 1056 -1 272 -1
1078 -0.490523 -0.777956 -0.546228 1057 274 1079 -1 1101 -1
1079 -0.499018 -0.866835 -0.507657 242 1080 244 -1 1078 -1
1080 -0.482687 -0.897097 -0.609825 1079 273 1058 -1 274 -1
1081 -0.447935 -1.01224 -0.662483 1058 1082 1060 -1 273 -1
1082 -0.403664 -1.03725 -0.744066 1081 276 258 -1 277 -1
1083 -0.261399 -1.15129 -0.818689 261 1085 260 -1 279 -1
1084 -0.157446 -1.23123 -0.795237 260 262 1680 -1 1085 -1
1085 -0.183503 -1.17319 -0.872779 1083 1086 1084 -1 280 -1
1086 -0.0951235 -1.17947 -0.894958 1085 281 262 -1 282 -1
1087 0.163709 -1.11613 -0.948125 264 265 1064 -1 1089 -1
1088 0.0752331 -1.05541 -1.044 298 1089 264 -1 284 -1
1089 0.169525 -1.05128 -1.02033 1088 1090 1087 -1 1107 -1
1090 0.247742 -1.03755 -0.972376 1089 1091 265 -1 285 -1
1091 0.325096 -1.02073 -0.91333 1090 267 266 -1 286 -1
1092 0.397251 -0.928442 -0.890818 286 1093 267 -1 287 -1
1093 0.448334 -0.901101 -0.806293 1092 269 268 -1 288 -1
1094 0.481119 -0.792159 -0.753783 288 1095 269 -1 290 -1
1095 0.499401 -0.756532 -0.655305 1094 1071 1069 -1 291 -1
1096 0.47188 -0.629471 -0.581685 291 270 1071 -1 292 -1
1097 0.356126 -0.493827 -0.421063 293 1073 256 -1 1114 -1
1098 0.243637 -0.406119 -0.404097 1114 271 1073 -1 308 -1
1099 -0.165654 -0.393656 -0.357693 1075 1115 1055 -1 312 -1
1100 -0.438495 -0.573717 -0.51653 1077 294 257 -1 1116 -1
1101 -0.482027 -0.687168 -0.593095 257 1102 1078 -1 294 -1
1102 -0.497726 -0.715944 -0.714334 1101 295 274 -1 1117 -1
1103 -0.440349 -0.872225 -0.857307 275 296 277 -1 1118 -1
1104 -0.299633 -1.01002 -0.951291 278 1105 279 -1 1120 -1
1105 -0.216845 -1.03315 -1.00864 1104 1106 280 -1 297 -1
1106 -0.122124 -1.04675 -1.03976 1105 298 282 -1 1123 -1
1107 0.173653 -0.980542 -1.08508 284 285 1089 -1 1109 -1
1108 0.0743437 -0.908475 -1.1745 320 1109 284 -1 1124 -1
1109 0.180694 -0.909176 -1.1458 1108 1110 1107 -1 300 -1
1110 0.266778 -0.896782 -1.08696 1109 1111 285 -1 301 -1
1111 0.352717 -0.883638 -1.02228 1110 287 286 -1 302 -1
1112 0.418041 -0.785078 -0.979878 302 289 287 -1 303 -1
1113 0.488207 -0.587357 -0.733437 304 292 291 -1 1131 -1
1114 0.334387 -0.412926 -0.478856 307 1098 1097 -1 1132 -1
1115 -0.264036 -0.38125 -0.444245 1099 313 1076 -1 331 -1
1116 -0.425077 -0.479542 -0.5795 272 314 1100 -1 333 -1
1117 -0.496802 -0.617034 -0.764759 294 315 1102 -1 1133 -1
1118 -0.453147 -0.783078 -0.911901 295 1119 1103 -1 316 -1
1119 -0.397214 -0.81523 -0.994805 1118 1121 296 -1 317 -1
1120 -0.31604 -0.930113 -1.01405 296 297 1104 -1 1121 -1
1121 -0.334264 -0.844874 -1.07264 1119 1122 1120 -1 318 -1
1122 -0.244712 -0.869 -1.1309 1121 319 297 -1 1136 -1
1123 -0.130879 -0.96985 -1.10575 297 299 1106 -1 319 -1
1124 0.0729761 -0.820034 -1.23482 1137 300 1108 -1 322 -1
1125 0.179138 -0.732999 -1.26763 322 1126 300 -1 1138 -1
1126 0.276691 -0.728837 -1.19906 1125 1127 301 -1 324 -1
1127 0.364068 -0.723664 -1.122 1126 303 302 -1 325 -1
1128 0.429118 -0.632262 -1.06623 325 1130 303 -1 1140 -1
1129 0.470235 -0.673113 -0.929942 303 304 289 -1 1130 -1
1130 0.471741 -0.610893 -0.962426 1128 -1 1129 -1 327 -1
1131 0.484675 -0.498617 -0.774485 305 306 1113 -1 328 -1
1132 0.328179 -0.330044 -0.534935 330 308 1114 -1 348 -1
1133 -0.491969 -0.511516 -0.809873 314 1134 1117 -1 334 -1
1134 -0.486959 -0.552314 -0.909755 1133 1135 315 -1 1150 -1
1135 -0.466159 -0.593351 -1.00783 1134 336 316 -1 335 -1
1136 -0.248918 -0.781428 -1.18619 318 321 1122 -1 338 -1
1137 -0.0353425 -0.816514 -1.24616 321 1124 320 -1 340 -1
1138 0.186437 -0.642218 -1.31093 323 324 1125 -1 1156 -1
1139 0.292132 -0.552334 -1.27924 1156 326 324 -1 343 -1
1140 0.436565 -0.544965 -1.09899 326 327 1128 -1 344 -1
1141 0.477509 -0.440855 -1.021 344 1142 327 -1 1159 -1
1142 0.498386 -0.424462 -0.912302 1141 328 305 -1 1160 -1
1143 0.231896 -0.223048 -0.518798 348 1144 308 -1 372 -1
1144 0.137534 -0.214832 -0.480794 1143 1145 309 -1 373 -1
1145 0.0378572 -0.209951 -0.461141 1144 1146 310 -1 374 -1
1146 -0.0617561 -0.205809 -0.468473 1145 349 311 -1 375 -1
1147 -0.405735 -0.284813 -0.66567 332 351 333 -1 376 -1
1148 -0.465789 -0.368614 -0.739459 333 1149 314 -1 351 -1
1149 -0.485673 -0.373044 -0.848498 1148 352 334 -1 1163 -1
1150 -0.490481 -0.461178 -0.938417 334 335 1134 -1 352 -1
1151 -0.420843 -0.530855 -1.13213 335 337 336 -1 355 -1
1152 -0.349654 -0.665744 -1.18055 336 338 318 -1 337 -1
1153 -0.261404 -0.592033 -1.28251 337 1154 338 -1 356 -1
1154 -0.15594 -0.616932 -1.33015 1153 341 339 -1 357 -1
1155 0.0828745 -0.446621 -1.4117 1169 1157 342 -1 360 -1
1156 0.193636 -0.550507 -1.35208 342 1139 1138 -1 1157 -1
1157 0.191851 -0.444871 -1.3892 1155 343 1156 -1 361 -1
1158 0.379804 -0.45306 -1.23116 343 344 326 -1 364 -1
1159 0.478262 -0.345896 -1.05153 345 1160 1141 -1 366 -1
1160 0.499731 -0.329287 -0.940579 1159 346 1142 -1 1173 -1
1161 0.448489 -0.273913 -0.737955 346 347 329 -1 369 -1
1162 -0.341848 -0.188686 -0.608923 350 376 332 -1 1177 -1
1163 -0.484439 -0.28234 -0.875502 351 354 1149 -1 378 -1
1164 -0.471428 -0.321868 -1.09589 354 1166 353 -1 1179 -1
1165 -0.3602 -0.469217 -1.25659 355 356 337 -1 1167 -1
1166 -0.423455 -0.349083 -1.19761 1164 1167 355 -1 380 -1
1167 -0.355364 -0.378734 -1.29493 1166 1168 1165 -1 1180 -1
1168 -0.255349 -0.404052 -1.35834 1167 359 356 -1 381 -1
1169 -0.032435 -0.439915 -1.42454 359 1155 358 -1 382 -1
1170 0.0801299 -0.232965 -1.46356 383 363 360 -1 384 -1
1171 0.29283 -0.232438 -1.37216 363 1172 362 -1 386 -1
1172 0.377163 -0.231378 -1.29514 1171 365 364 -1 387 -1
1173 0.499628 -0.239651 -0.967835 366 368 1160 -1 367 -1
1174 0.478183 -0.153164 -0.875351 367 369 368 -1 1192 -1
1175 -0.16289 -0.100566 -0.521665 375 1176 349 -1 1198 -1
1176 -0.254815 -0.0957661 -0.571528 1175 1177 350 -1 1199 -1
1177 -0.341287 -0.0948268 -0.630499 1176 1178 1162 -1 1200 -1
1178 -0.404295 -0.0944563 -0.716174 1177 1202 376 -1 1201 -1
1179 -0.470792 -0.227562 -1.12154 379 380 1164 -1 395 -1
1180 -0.354856 -0.281967 -1.31905 380 381 1167 -1 1181 -1
1181 -0.356363 -0.182268 -1.33658 396 1182 1180 -1 397 -1
1182 -0.259339 -0.197439 -1.40189 1181 1184 381 -1 398 -1
1183 -0.146346 -0.322824 -1.43228 381 382 359 -1 1184 -1
1184 -0.153455 -0.213936 -1.4525 1182 383 1183 -1 1207 -1
1185 0.0859515 -0.0131244 -1.48204 1208 1186 384 -1 1209 -1
1186 0.207956 -0.0175614 -1.44969 1185 1187 385 -1 1210 -1
1187 0.307286 -0.0196431 -1.38318 1186 1189 386 -1 400 -1
1188 0.444011 -0.125281 -1.20996 387 388 365 -1 1190 -1
1189 0.387643 -0.0206003 -1.30118 1187 1190 387 -1 1211 -1
1190 0.452234 -0.0203727 -1.20453 1189 1191 1188 -1 401 -1
1191 0.480379 -0.024619 -1.09703 1190 389 388 -1 1212 -1
1192 0.477033 -0.0433563 -0.881694 389 390 1174 -1 1213 -1
1193 0.386661 -0.0289491 -0.694098 390 391 370 -1 1214 -1
1194 0.230899 -0.0205323 -0.563146 391 1195 372 -1 418 -1
1195 0.137366 -0.0163905 -0.526249 1194 1196 373 -1 419 -1
1196 0.0381414 -0.014282 -0.506651 1195 1197 374 -1 1233 -1
1197 -0.0611437 -0.0119121 -0.511381 1196 1198 375 -1 420 -1
1198 -0.160466 -0.00937893 -0.531304 1197 1199 1175 -1 1234 -1
1199 -0.250509 -0.00645899 -0.577171 1198 1200 1176 -1 421 -1
1200 -0.335858 -0.00442557 -0.634334 1199 1201 1177 -1 1235 -1
1201 -0.400046 -0.00394687 -0.715769 1200 392 1178 -1 1216 -1
1202 -0.462334 -0.0941746 -0.804464 1178 393 377 -1 392 -1
1203 -0.482114 -0.0036881 -0.909837 392 1205 393 -1 1217 -1
1204 -0.494035 -0.0929805 -1.0239 393 394 379 -1 1205 -1
1205 -0.496402 -0.00135438 -1.018 1203 405 1204 -1 406 -1
1206 -0.427282 -0.0656242 -1.23891 394 397 396 -1 407 -1
1207 -0.159371 -0.104665 -1.46144 398 399 1184 -1 411 -1
1208 -0.0400288 -0.00635073 -1.49162 411 1185 399 -1 1221 -1
1209 0.0791554 0.0970083 -1.4779 1221 1210 1185 -1 413 -1
1210 0.202946 0.0909357 -1.44823 1209 400 1186 -1 1223 -1
1211 0.385246 0.0830767 -1.30068 400 401 1189 -1 415 -1
1212 0.480116 0.0945668 -1.09376 401 402 1191 -1 417 -1
1213 0.476616 0.0909452 -0.876481 402 403 1192 -1 1230 -1
1214 0.385026 0.0813373 -0.688218 403 1215 1193 -1 1232 -1
1215 0.31451 0.0807996 -0.615063 1214 418 391 -1 438 -1
1216 -0.402919 0.0885538 -0.714523 1235 404 1201 -1 442 -1
1217 -0.483441 0.0812158 -0.91143 404 406 1203 -1 1236 -1
1218 -0.472649 0.0932568 -1.13139 406 409 405 -1 424 -1
1219 -0.359782 0.10637 -1.33726 409 1220 408 -1 427 -1
1220 -0.263037 0.103306 -1.40726 1219 412 410 -1 429 -1
1221 -0.0385965 0.0997201 -1.48579 412 1209 1208 -1 431 -1
1222 0.0829937 0.310841 -1.44749 1240 1224 413 -1 433 -1
1223 0.196044 0.200675 -1.44428 413 414 1210 -1 1224 -1
1224 0.200787 0.303295 -1.42064 1222 1225 1223 -1 1242 -1
1225 0.293848 0.292348 -1.35955 1224 416 414 -1 434 -1
1226 0.446113 0.184831 -1.19942 415 417 401 -1 1227 -1
1227 0.445033 0.269986 -1.18412 416 1228 1226 -1 1245 -1
1228 0.478323 0.251334 -1.07829 1227 1229 417 -1 436 -1
1229 0.499225 0.222066 -0.969275 1228 1230 402 -1 1248 -1
1230 0.477839 0.198815 -0.864509 1229 1231 1213 -1 437 -1
1231 0.447015 0.184461 -0.763318 1230 1232 403 -1 1250 -1
1232 0.389417 0.179291 -0.676644 1231 438 1214 -1 1251 -1
1233 0.038051 0.0841608 -0.499664 419 420 1196 -1 1253 -1
1234 -0.162291 0.0894689 -0.523751 420 421 1198 -1 440 -1
1235 -0.338403 0.0921702 -0.629067 421 1216 1200 -1 441 -1
1236 -0.483665 0.2124 -0.891606 422 425 1217 -1 1256 -1
1237 -0.472075 0.264237 -1.10768 425 1238 424 -1 443 -1
1238 -0.425503 0.286371 -1.2106 1237 428 426 -1 1258 -1
1239 -0.257667 0.307806 -1.38107 428 432 429 -1 446 -1
1240 -0.037117 0.313388 -1.45626 432 1222 431 -1 448 -1
1241 0.0804309 0.513506 -1.3895 1260 1243 433 -1 450 -1
1242 0.203203 0.404128 -1.39503 433 434 1224 -1 1243 -1
1243 0.19742 0.5041 -1.36517 1241 1244 1242 -1 451 -1
1244 0.295203 0.485636 -1.30259 1243 1246 434 -1 453 -1
1245 0.444397 0.357218 -1.16182 435 436 1227 -1 1247 -1
1246 0.378421 0.470201 -1.22752 1244 1247 435 -1 1263 -1
1247 0.444835 0.441328 -1.13258 1246 1249 1245 -1 454 -1
1248 0.499977 0.310506 -0.948505 436 437 1229 -1 455 -1
1249 0.478036 0.414535 -1.02943 1247 455 436 -1 1265 -1
1250 0.45019 0.266048 -0.743308 437 1251 1231 -1 1267 -1
1251 0.392023 0.264846 -0.651981 1250 1268 1232 -1 470 -1
1252 0.233859 0.176213 -0.537119 438 439 418 -1 1269 -1
1253 0.0389224 0.184991 -0.472254 439 1254 1233 -1 1288 -1
1254 -0.0609704 0.187682 -0.475962 1253 440 420 -1 1289 -1
1255 -0.253729 0.193674 -0.545183 440 441 421 -1 474 -1
1256 -0.483841 0.335879 -0.854161 459 1257 1236 -1 1271 -1
1257 -0.494899 0.34554 -0.963514 1256 443 425 -1 460 -1
1258 -0.427205 0.382512 -1.18035 443 444 1238 -1 461 -1
1259 -0.262864 0.508428 -1.31762 445 449 446 -1 462 -1
1260 -0.0360771 0.519466 -1.39678 449 1241 448 -1 1277 -1
1261 0.07298 0.706375 -1.3044 1279 452 450 -1 464 -1
1262 0.278233 0.677039 -1.22808 452 1264 453 -1 465 -1
1263 0.373687 0.559184 -1.19668 453 454 1246 -1 1264 -1
1264 0.366834 0.65393 -1.16137 1262 466 1263 -1 467 -1
1265 0.476162 0.49147 -1.00357 454 456 1249 -1 468 -1
1266 0.481297 0.422331 -0.799713 456 -1 457 -1 1287 -1
1267 0.455516 0.361193 -0.710895 457 470 1250 -1 469 -1
1268 0.324938 0.267564 -0.566014 1251 1269 438 -1 471 -1
1269 0.237784 0.269582 -0.500228 1268 472 1252 -1 1308 -1
1270 -0.34545 0.304669 -0.562965 474 458 441 -1 487 -1
1271 -0.486778 0.448824 -0.817306 1291 460 1256 -1 475 -1
1272 -0.471692 0.467766 -1.04026 460 461 443 -1 1273 -1
1273 -0.468427 0.557488 -1.01428 476 1274 1272 -1 477 -1
1274 -0.418143 0.572688 -1.11599 1273 1275 461 -1 478 -1
1275 -0.355002 0.590994 -1.2121 1274 462 445 -1 479 -1
1276 -0.245413 0.696688 -1.24278 479 1278 462 -1 480 -1
1277 -0.034076 0.617366 -1.3569 463 450 1260 -1 1279 -1
1278 -0.141533 0.706405 -1.28921 1276 1279 463 -1 1295 -1
1279 -0.0340085 0.710717 -1.31088 1278 1261 1277 -1 481 -1
1280 0.179363 0.786332 -1.23194 464 465 452 -1 1282 -1
1281 0.0735341 0.88128 -1.19377 1297 1282 464 -1 1298 -1
1282 0.178452 0.871525 -1.17524 1281 1283 1280 -1 482 -1
1283 0.274094 0.850375 -1.11993 1282 1302 465 -1 483 -1
1284 0.428042 0.70672 -1.01842 467 1286 466 -1 484 -1
1285 0.495669 0.53919 -0.865973 468 1287 456 -1 485 -1
1286 0.471977 0.667792 -0.922984 1284 485 468 -1 1304 -1
1287 0.484204 0.510613 -0.763631 1285 469 1266 -1 1306 -1
1288 0.0407584 0.287256 -0.417849 472 1289 1253 -1 503 -1
1289 -0.0587367 0.291193 -0.41951 1288 473 1254 -1 1331 -1
1290 -0.414447 0.421325 -0.60366 487 1291 458 -1 1310 -1
1291 -0.466438 0.450598 -0.696541 1290 1271 459 -1 488 -1
1292 -0.488515 0.620765 -0.854628 489 477 476 -1 490 -1
1293 -0.4093 0.751592 -1.0221 1312 1294 478 -1 492 -1
1294 -0.340455 0.770979 -1.11977 1293 480 479 -1 1315 -1
1295 -0.140907 0.79536 -1.23509 480 481 1278 -1 1296 -1
1296 -0.139846 0.883519 -1.17644 493 1297 1295 -1 495 -1
1297 -0.0326505 0.886362 -1.20013 1296 1281 481 -1 1317 -1
1298 0.0686363 0.961469 -1.12953 1317 482 1281 -1 1299 -1
1299 0.0722118 1.038 -1.06147 1319 1300 1298 -1 1320 -1
1300 0.166885 1.02984 -1.04363 1299 497 482 -1 496 -1
1301 0.349269 0.911075 -1.00127 483 1303 1302 -1 498 -1
1302 0.361612 0.826254 -1.05586 1283 484 467 -1 1301 -1
1303 0.407765 0.880305 -0.916778 1301 1326 484 -1 499 -1
1304 0.467632 0.759995 -0.876699 484 1305 1286 -1 1326 -1
1305 0.487306 0.727281 -0.774115 1304 1327 485 -1 500 -1
1306 0.48728 0.605622 -0.711234 485 1307 1287 -1 1327 -1
1307 0.467897 0.579817 -0.604531 1306 1329 469 -1 1328 -1
1308 0.241128 0.374506 -0.429844 471 502 1269 -1 521 -1
1309 -0.254755 0.392095 -0.426504 1332 487 474 -1 522 -1
1310 -0.422123 0.507243 -0.54934 504 488 1290 -1 1333 -1
1311 -0.49429 0.657846 -0.712208 505 490 489 -1 1335 -1
1312 -0.46488 0.727467 -0.923586 490 1293 477 -1 491 -1
1313 -0.481135 0.768315 -0.779305 1335 491 490 -1 1337 -1
1314 -0.3903 0.908634 -0.926625 1338 1316 492 -1 506 -1
1315 -0.335515 0.855871 -1.06188 492 493 1294 -1 1316 -1
1316 -0.321298 0.93381 -1.00614 1314 494 1315 -1 507 -1
1317 -0.0274837 0.966313 -1.13614 495 1298 1297 -1 1319 -1
1318 -0.123644 1.03939 -1.04667 508 1319 495 -1 510 -1
1319 -0.0237095 1.0433 -1.06962 1318 1299 1317 -1 1342 -1
1320 0.0699865 1.10694 -0.986815 1342 496 1299 -1 1321 -1
1321 0.0740706 1.17111 -0.91242 1344 511 1320 -1 1345 -1
1322 0.238964 1.08482 -0.927356 496 1323 497 -1 514 -1
1323 0.307538 1.0684 -0.876738 1322 1325 498 -1 515 -1
1324 0.442943 0.935278 -0.779532 499 517 1326 -1 516 -1
1325 0.373872 1.04534 -0.810473 1323 516 499 -1 513 -1
1326 0.46249 0.849176 -0.830501 1303 500 1304 -1 1324 -1
1327 0.493382 0.695951 -0.669471 1305 1328 1306 -1 501 -1
1328 0.474836 0.667105 -0.561256 1327 520 1307 -1 519 -1
1329 0.423434 0.560093 -0.497951 1307 1351 486 -1 520 -1
1330 0.343673 0.464078 -0.439166 486 521 471 -1 1351 -1
1331 -0.0566411 0.392123 -0.326623 503 1332 1289 -1 1386 -1
1332 -0.159096 0.392127 -0.357462 1331 1309 473 -1 546 -1
1333 -0.437061 0.58726 -0.497839 1352 505 1310 -1 523 -1
1334 -0.480286 0.697968 -0.567533 523 1335 505 -1 524 -1
1335 -0.499972 0.734129 -0.676082 1334 1313 1311 -1 1336 -1
1336 -0.49331 0.813002 -0.637257 524 1337 1335 -1 1353 -1
1337 -0.474612 0.848017 -0.73959 1336 1338 1313 -1 525 -1
1338 -0.44569 0.880041 -0.836297 1337 1314 491 -1 1339 -1
1339 -0.426619 0.961385 -0.786737 525 506 1338 -1 527 -1
1340 -0.357121 1.06846 -0.822051 527 1341 506 -1 528 -1
1341 -0.284842 1.08271 -0.883365 1340 509 507 -1 529 -1
1342 -0.0171034 1.11075 -0.998395 510 1320 1319 -1 1344 -1
1343 -0.101935 1.17242 -0.902535 530 1344 510 -1 1357 -1
1344 -0.0129063 1.1753 -0.926048 1343 1321 1342 -1 1358 -1
1345 0.0658997 1.22881 -0.831561 1358 512 1321 -1 1346 -1
1346 0.0685749 1.27999 -0.754007 1360 532 1345 -1 1686 -1
1347 0.226925 1.21285 -0.767931 512 1348 514 515 534 -1
1348 0.304366 1.194 -0.7032 1347 538 513 -1 535 -1
1349 0.39232 1.09882 -0.682405 513 537 516 -1 538 -1
1350 0.489031 0.873056 -0.588524 517 543 501 -1 540 -1
1351 0.369189 0.543702 -0.389403 1329 1367 1330 -1 544 -1
1352 -0.377567 0.561235 -0.385684 1368 1333 504 -1 547 -1
1353 -0.484094 0.896947 -0.59735 1370 525 1336 -1 550 -1
1354 -0.384755 1.1116 -0.683618 551 528 527 -1 553 -1
1355 -0.307623 1.19817 -0.693053 553 1356 528 -1 554 -1
1356 -0.238667 1.21414 -0.751896 1355 531 529 -1 555 -1
1357 -0.0816522 1.22954 -0.824836 531 1358 1343 -1 1359 -1
1358 -0.00784393 1.22984 -0.850752 1357 1345 1344 -1 1360 -1
1359 -0.0789744 1.28078 -0.749114 556 1360 1357 -1 1687 -1
1360 -0.0051661 1.28108 -0.77503 1359 1346 1358 -1 1688 -1
1361 0.314966 1.24725 -0.582795 535 1363 538 -1 558 -1
1362 0.429042 1.14548 -0.476092 539 561 541 -1 1378 -1
1363 0.357632 1.24346 -0.518523 1361 1378 539 -1 559 -1
1364 0.490502 0.942095 -0.453472 540 1382 543 -1 562 -1
1365 0.48205 0.824292 -0.381035 543 563 542 -1 1382 -1
1366 0.439252 0.711 -0.306063 542 1384 544 -1 563 -1
1367 0.297348 0.541616 -0.275447 1351 1385 521 -1 564 -1
1368 -0.304521 0.549701 -0.269866 1387 1352 522 -1 565 -1
1369 -0.446599 0.720229 -0.312155 1388 548 547 -1 566 -1
1370 -0.499968 0.867703 -0.496964 549 1353 524 -1 1371 -1
1371 -0.486265 0.958961 -0.46733 567 550 1370 -1 1372 -1
1372 -0.472563 1.05022 -0.437696 1390 1373 1371 -1 568 -1
1373 -0.456951 1.07352 -0.52778 1372 551 550 -1 1374 -1
1374 -0.42073 1.15499 -0.484875 568 552 1373 -1 1393 -1
1375 -0.352071 1.25071 -0.519825 1393 1376 552 -1 570 -1
1376 -0.3109 1.25214 -0.578989 1375 554 553 -1 571 -1
1377 -0.222907 1.31698 -0.580165 571 557 554 -1 -1 -1
1378 0.383116 1.23137 -0.43706 1363 1379 1362 -1 560 -1
1379 0.408388 1.21917 -0.355568 1378 572 561 -1 573 -1
1380 0.485194 1.01928 -0.332706 562 575 1382 -1 1381 -1
1381 0.468077 1.11801 -0.308987 561 576 1380 -1 572 -1
1382 0.497495 0.920126 -0.354638 1364 1383 1365 -1 1380 -1
1383 0.487777 0.902433 -0.255112 1382 1398 563 -1 575 -1
1384 0.415109 0.700806 -0.228268 1366 577 564 -1 578 -1
1385 0.236183 0.542531 -0.16509 1367 595 545 -1 579 -1
1386 -0.0866865 0.498548 -0.137025 580 546 1331 -1 1409 -1
1387 -0.239839 0.545343 -0.164393 1409 1368 546 -1 581 -1
1388 -0.414837 0.704029 -0.217518 1399 1369 565 -1 583 -1
1389 -0.491541 0.913542 -0.281118 584 567 566 -1 585 -1
1390 -0.481923 1.03109 -0.348967 585 1372 567 -1 1391 -1
1391 -0.465722 1.12714 -0.318868 586 568 1390 -1 587 -1
1392 -0.404458 1.22449 -0.358169 587 1393 568 -1 589 -1
1393 -0.378526 1.23782 -0.439379 1392 1375 1374 -1 569 -1
1394 0.438436 1.20429 -0.219104 572 590 576 -1 1395 -1
1395 0.380815 1.29464 -0.20596 574 592 1394 -1 -1 -1
1396 0.4992 0.990102 -0.157854 575 1407 1398 -1 1397 -1
1397 0.4791 1.0943 -0.150849 576 1406 1396 -1 590 -1
1398 0.480765 0.88656 -0.163214 1383 593 578 -1 1396 -1
1399 -0.387755 0.684749 -0.125832 597 1388 581 -1 582 -1
1400 -0.496452 0.998221 -0.187686 1414 585 584 -1 1401 -1
1401 -0.476578 1.1018 -0.178019 599 586 1400 -1 1402 -1
1402 -0.448125 1.20067 -0.163111 601 1403 1401 -1 1417 -1
1403 -0.434306 1.20878 -0.228122 1402 587 586 -1 1404 -1
1404 -0.379455 1.29691 -0.204962 1417 588 1403 -1 -1 -1
1405 0.391077 1.29355 -0.0586913 592 603 591 -1 -1 -1
1406 0.479841 1.09684 -0.0687968 1397 605 1407 -1 591 -1
1407 0.498616 0.988253 -0.0730611 1396 608 593 -1 1406 -1
1408 0.442339 0.774943 -0.0668385 578 610 594 -1 593 -1
1409 -0.186032 0.534639 -0.0360806 1426 1387 1386 -1 1410 -1
1410 -0.287415 0.600072 -0.0333021 612 581 1409 -1 597 -1
1411 -0.440499 0.774479 -0.0318976 613 582 597 -1 1412 -1
1412 -0.476514 0.879964 -0.02997 614 598 1411 -1 1413 -1
1413 -0.498259 0.989305 -0.0296052 616 1414 1412 -1 1415 -1
1414 -0.498795 0.98681 -0.108814 1413 1400 598 -1 599 -1
1415 -0.480166 1.09779 -0.0292842 617 599 1413 -1 600 -1
1416 -0.391583 1.29382 -0.0429477 619 1417 600 -1 -1 -1
1417 -0.388259 1.29392 -0.117353 1416 1404 601 1402 -1 -1
1418 0.4486 1.20587 0.0830001 602 1419 606 -1 604 -1
1419 0.444666 1.20695 0.156267 1418 620 622 -1 1420 -1
1420 0.383065 1.29938 0.152717 604 1431 1419 -1 -1 -1
1421 0.499992 0.994273 0.0879672 608 621 1422 -1 606 -1
1422 0.478482 0.885927 0.0899201 607 1436 1423 -1 1421 -1
1423 0.447317 0.7807 0.092664 610 623 624 -1 1422 -1
1424 0.204517 0.545208 0.0252593 595 1438 1425 -1 611 -1
1425 0.0840057 0.514196 0.0383479 1452 639 673 -1 1424 -1
1426 -0.202731 0.54136 0.0657559 1453 1409 1452 -1 612 -1
1427 -0.377864 0.67957 0.0497524 627 597 612 -1 613 -1
1428 -0.478703 1.09908 0.121844 1442 617 615 -1 1429 -1
1429 -0.448122 1.2045 0.114712 630 1430 1428 -1 618 -1
1430 -0.451528 1.20446 0.0375974 1429 600 617 -1 619 -1
1431 0.36928 1.30794 0.227367 1420 1664 620 1432 -1 -1
1432 0.41553 1.22574 0.286605 620 632 1435 -1 1431 -1
1433 0.489466 1.0218 0.248814 621 636 637 -1 1434 -1
1434 0.470418 1.12207 0.234533 622 1435 1433 -1 620 -1
1435 0.465283 1.13498 0.301659 1434 1446 636 -1 1432 -1
1436 0.48436 0.902416 0.175939 1422 637 623 -1 621 -1
1437 0.412378 0.709816 0.188294 624 638 1450 -1 623 -1
1438 0.232113 0.551448 0.119126 1424 1451 639 -1 625 -1
1439 -0.451354 0.779877 0.134428 640 613 627 -1 628 -1
1440 -0.48632 0.903928 0.218737 641 628 640 -1 629 -1
1441 -0.467314 1.12848 0.282103 643 1442 642 -1 1443 -1
1442 -0.473606 1.11193 0.203527 1441 1428 629 -1 630 -1
1443 -0.420893 1.22136 0.267575 644 630 1441 -1 1444 -1
1444 -0.366399 1.30869 0.245684 1628 631 1443 -1 -1 -1
1445 0.267674 1.32196 0.485675 1666 1682 646 -1 -1 -1
1446 0.448451 1.15015 0.372774 1435 1447 1448 -1 632 -1
1447 0.425622 1.16285 0.441424 1446 648 1469 -1 633 -1
1448 0.47366 1.05805 0.398514 636 1469 650 -1 1446 -1
1449 0.473372 0.821658 0.268237 623 652 638 -1 637 -1
1450 0.35893 0.622753 0.1972 625 653 1451 -1 1437 -1
1451 0.285882 0.55765 0.223641 1438 671 672 -1 1450 -1
1452 -0.106173 0.493872 0.162834 1471 1425 695 -1 1426 -1
1453 -0.260301 0.546265 0.20412 654 1426 1471 -1 626 -1
1454 -0.426195 0.712424 0.245553 656 627 655 -1 640 -1
1455 -0.477075 0.824193 0.318565 1473 640 656 -1 641 -1
1456 -0.478041 1.04323 0.3738 658 642 657 -1 643 -1
1457 -0.433241 1.15396 0.432216 660 643 658 -1 1459 -1
1458 -0.365446 1.25088 0.461665 1689 1459 660 -1 1626 -1
1459 -0.385474 1.23995 0.400829 1458 644 1457 -1 1627 -1
1460 0.167024 1.29792 0.677307 1464 1461 1488 -1 1684 -1
1461 0.103134 1.29874 0.704313 1460 1462 663 -1 1685 -1
1462 0.0392442 1.29956 0.731319 1461 1481 664 -1 1622 -1
1463 0.261498 1.22969 0.698995 645 1488 666 -1 1464 -1
1464 0.228739 1.28605 0.634098 647 1460 1463 -1 1465 -1
1465 0.19598 1.3424 0.569201 1682 1684 1464 -1 -1 -1
1466 0.430324 1.10428 0.555301 1469 1467 1492 -1 648 -1
1467 0.394799 1.12584 0.631535 1466 665 667 -1 649 -1
1468 0.476175 0.993849 0.511029 650 1492 669 -1 1469 -1
1469 0.463451 1.0815 0.477626 1448 1466 1468 -1 1447 -1
1470 0.49785 0.875748 0.455901 652 669 670 -1 650 -1
1471 -0.205398 0.476736 0.268397 696 1452 1514 -1 1453 -1
1472 -0.418365 0.645722 0.367911 674 655 1495 -1 656 -1
1473 -0.489579 0.848812 0.416702 677 1455 675 -1 657 -1
1474 -0.472019 0.991071 0.563803 678 1475 676 -1 659 -1
1475 -0.483108 0.968006 0.484803 1474 657 677 -1 658 -1
1476 -0.420532 1.09854 0.600019 679 659 678 -1 1477 -1
1477 -0.382861 1.18052 0.560958 661 660 1476 -1 1689 -1
1478 -0.311908 1.20792 0.667152 681 661 1501 -1 662 -1
1479 -0.22094 1.28449 0.649005 1483 662 681 -1 1480 -1
1480 -0.192364 1.34095 0.577606 1621 1690 1479 -1 -1 -1
1481 -0.02407 1.29933 0.738604 1462 1482 1504 -1 1683 -1
1482 -0.0903001 1.29724 0.71313 1481 1483 682 -1 1620 -1
1483 -0.15653 1.29514 0.687656 1482 1479 683 -1 1621 -1
1484 0.132177 1.1954 0.857877 1487 1485 685 -1 663 -1
1485 0.0458417 1.19918 0.883066 1484 1502 1506 -1 664 -1
1486 0.316538 1.10046 0.828579 1490 688 687 -1 666 -1
1487 0.216574 1.18541 0.821422 666 1484 688 -1 1488 -1
1488 0.196788 1.24681 0.753277 1463 663 1487 -1 1460 -1
1489 0.448771 0.967089 0.727814 1491 689 691 -1 667 -1
1490 0.376619 1.07513 0.760066 667 1486 689 -1 665 -1
1491 0.472622 0.938397 0.638905 669 1489 690 -1 1492 -1
1492 0.462238 1.02651 0.600799 1468 667 1491 -1 1466 -1
1493 0.474731 0.700756 0.519176 1494 692 1510 -1 670 -1
1494 0.449614 0.669847 0.4168 653 1493 693 -1 651 -1
1495 -0.390685 0.561302 0.420846 697 654 1515 -1 1472 -1
1496 -0.491428 0.783854 0.545579 700 675 698 -1 677 -1
1497 -0.467917 0.932438 0.690305 702 676 699 -1 678 -1
1498 -0.361509 1.07404 0.802316 704 1499 1517 -1 1501 -1
1499 -0.411708 1.03959 0.718939 1498 678 702 -1 679 -1
1500 -0.268051 1.16349 0.792438 680 1501 704 -1 681 -1
1501 -0.336971 1.14468 0.737877 1500 679 1498 -1 1478 -1
1502 -0.0369745 1.19622 0.890668 1485 1503 1522 -1 1504 -1
1503 -0.126014 1.18694 0.872752 1502 680 705 -1 682 -1
1504 -0.0351011 1.24645 0.816155 664 682 1502 -1 1481 -1
1505 0.0635924 1.06928 1.03169 684 1520 1524 -1 1506 -1
1506 0.0611899 1.13477 0.957728 685 1522 1505 -1 1485 -1
1507 0.251699 1.05018 0.95398 687 684 708 -1 688 -1
1508 0.413107 0.922562 0.861609 691 686 709 -1 689 -1
1509 0.488993 0.770917 0.71809 692 712 711 -1 690 -1
1510 0.466946 0.619066 0.556004 693 713 714 -1 1493 -1
1511 0.403905 0.514751 0.505421 1513 714 1530 -1 693 -1
1512 0.235313 0.404777 0.397209 694 715 1547 -1 672 -1
1513 0.344864 0.490449 0.410301 672 1511 715 -1 671 -1
1514 -0.185681 0.387333 0.370932 1531 695 736 -1 1471 -1
1515 -0.370152 0.478444 0.470372 716 696 1549 -1 1495 -1
1516 -0.499945 0.727614 0.68414 720 698 717 -1 700 -1
1517 -0.379097 0.993831 0.857376 703 702 721 -1 1498 -1
1518 -0.230334 1.04172 0.985224 1521 703 1536 -1 1519 -1
1519 -0.220964 1.1115 0.915138 705 704 1518 -1 680 -1
1520 -0.0380923 1.06841 1.04036 1505 1521 724 -1 1522 -1
1521 -0.139094 1.05782 1.02202 1520 1518 1539 -1 705 -1
1522 -0.040469 1.13354 0.965378 1506 705 1520 -1 1502 -1
1523 0.0661018 0.916271 1.16984 706 1537 725 -1 1524 -1
1524 0.067139 0.993945 1.10144 707 724 1523 -1 1505 -1
1525 0.270173 0.897916 1.08296 1527 706 727 -1 708 -1
1526 0.431954 0.77022 0.965272 1528 729 728 -1 709 -1
1527 0.359551 0.879434 1.01331 709 1525 729 -1 686 -1
1528 0.473829 0.731922 0.859967 711 1526 730 -1 712 -1
1529 0.480855 0.574603 0.695563 714 710 1545 -1 713 -1
1530 0.39125 0.4317 0.554266 715 732 1546 -1 1511 -1
1531 -0.276093 0.382062 0.454226 1549 1514 756 -1 696 -1
1532 -0.468804 0.514374 0.667973 738 716 757 -1 718 -1
1533 -0.486502 0.674656 0.825627 740 717 739 -1 720 -1
1534 -0.404808 0.829369 0.96732 722 719 741 -1 721 -1
1535 -0.24249 0.885283 1.11859 1538 722 1553 -1 1536 -1
1536 -0.239149 0.96517 1.05149 1539 723 1535 -1 1518 -1
1537 -0.0401175 0.914852 1.17794 1523 1538 744 -1 724 -1
1538 -0.143418 0.903436 1.16068 1537 1535 1554 -1 1539 -1
1539 -0.139801 0.982884 1.09196 724 1536 1538 -1 1521 -1
1540 0.0778578 0.746171 1.28301 726 762 745 -1 725 -1
1541 0.181281 0.828422 1.20336 727 725 726 -1 706 -1
1542 0.285447 0.730474 1.19095 1543 726 746 -1 727 -1
1543 0.370995 0.715315 1.11513 728 1542 750 -1 729 -1
1544 0.478222 0.582512 0.942289 731 749 751 -1 730 -1
1545 0.477079 0.462761 0.752616 732 753 1559 -1 1529 -1
1546 0.384589 0.347364 0.599451 733 754 1560 -1 1530 -1
1547 0.22798 0.321955 0.45999 735 733 1561 -1 1512 -1
1548 -0.413422 0.388573 0.623703 757 1549 1566 -1 716 -1
1549 -0.358111 0.381645 0.52899 1548 1531 755 -1 1515 -1
1550 -0.487302 0.481411 0.801835 758 -1 1567 -1 738 -1
1551 -0.466911 0.626152 0.981372 1552 739 1569 -1 740 -1
1552 -0.411487 0.658016 1.08069 742 1551 1570 -1 741 -1
1553 -0.24648 0.798325 1.17686 1554 743 760 -1 1535 -1
1554 -0.143258 0.816917 1.22013 744 1553 763 -1 1538 -1
1555 0.306377 0.555288 1.26719 748 1556 765 -1 746 -1
1556 0.208568 0.562739 1.33623 1555 764 1574 -1 747 -1
1557 0.449026 0.525512 1.08783 751 748 767 -1 749 -1
1558 0.48204 0.419478 1.00619 752 767 1576 -1 751 -1
1559 0.475558 0.38241 0.787302 754 752 769 -1 1545 -1
1560 0.380651 0.265897 0.633232 1562 771 790 -1 1546 -1
1561 0.221875 0.225694 0.510043 1564 1562 791 -1 1547 -1
1562 0.307572 0.245467 0.564002 1561 1560 1593 -1 733 -1
1563 0.0267991 0.20491 0.46118 1565 1564 792 -1 734 -1
1564 0.12681 0.213445 0.479104 1563 1561 1594 -1 735 -1
1565 -0.0729808 0.198481 0.474571 773 1563 793 -1 737 -1
1566 -0.408963 0.289229 0.668868 775 755 794 -1 1548 -1
1567 -0.487026 0.395727 0.84488 1568 757 1579 -1 1550 -1
1568 -0.490306 0.414641 0.962342 777 1567 1580 -1 758 -1
1569 -0.46745 0.535335 1.03066 1570 758 777 -1 1551 -1
1570 -0.415363 0.561834 1.12597 759 1569 778 -1 1552 -1
1571 -0.254928 0.610842 1.27805 1572 759 780 -1 760 -1
1572 -0.14778 0.630906 1.32506 761 1571 783 -1 763 -1
1573 0.0825852 0.455012 1.40891 1574 1584 784 -1 764 -1
1574 0.201929 0.460397 1.37683 765 1573 787 -1 1556 -1
1575 0.385772 0.354482 1.25521 766 786 1587 -1 768 -1
1576 0.482388 0.337465 1.03254 770 766 789 -1 1558 -1
1577 0.473698 0.236896 0.834026 772 1591 1589 -1 769 -1
1578 -0.34939 0.184091 0.615793 794 774 813 -1 755 -1
1579 -0.487379 0.296174 0.886384 1580 775 795 -1 1567 -1
1580 -0.491521 0.309843 0.993523 776 1579 796 -1 1568 -1
1581 -0.420686 0.357999 1.19895 779 776 797 -1 778 -1
1582 -0.355764 0.49156 1.256 780 778 779 -1 759 -1
1583 -0.251176 0.418794 1.35628 781 779 799 -1 780 -1
1584 -0.0294924 0.450377 1.42161 1573 781 802 -1 782 -1
1585 0.0854934 0.250017 1.45908 785 801 804 -1 784 -1
1586 0.303341 0.255607 1.36041 1587 785 806 -1 786 -1
1587 0.384768 0.256394 1.27859 788 1586 810 -1 1575 -1
1588 0.480862 0.151975 1.08507 1590 809 1606 -1 789 -1
1589 0.474478 0.137478 0.859519 1592 1590 1607 -1 1577 -1
1590 0.496358 0.145293 0.969877 1589 1588 811 -1 1591 -1
1591 0.495132 0.235716 0.94562 1577 789 1590 -1 770 -1
1592 0.436649 0.13713 0.756949 790 1589 812 -1 772 -1
1593 0.303287 0.125041 0.598657 791 790 1610 -1 1562 -1
1594 0.123949 0.109288 0.512049 792 791 1611 -1 1564 -1
1595 -0.173881 0.0917628 0.52564 1596 793 829 -1 773 -1
1596 -0.263245 0.0861622 0.579169 813 1595 10 -1 774 -1
1597 -0.465392 0.181925 0.804204 795 794 815 -1 775 -1
1598 -0.469527 0.233925 1.12674 797 796 1599 -1 776 -1
1599 -0.468551 0.18339 1.14179 1600 -1 816 -1 1598 -1
1600 -0.412442 0.185991 1.25045 798 1599 1614 -1 797 -1
1601 -0.245093 0.223238 1.40644 1602 798 818 -1 799 -1
1602 -0.142233 0.234713 1.45064 801 1601 819 -1 803 -1
1603 0.101664 0.0444391 1.47687 805 1617 0 -1 804 -1
1604 0.315489 0.0574396 1.37522 808 805 1 -1 806 -1
1605 0.457598 0.072328 1.1931 1606 808 826 -1 809 -1
1606 0.482956 0.0662334 1.08135 811 1605 4 -1 1588 -1
1607 0.473334 0.0409592 0.863255 812 811 5 -1 1589 -1
1608 0.37665 0.0250489 0.679371 1610 812 828 -1 790 -1
1609 0.216749 0.00964003 0.554405 1611 1610 23 -1 791 -1
1610 0.302075 0.0178957 0.610878 1609 1608 24 -1 1593 -1
1611 0.121619 0.00259869 0.524021 7 1609 844 -1 1594 -1
1612 -0.486565 0.080756 0.927163 1613 815 12 -1 795 -1
1613 -0.492357 0.0843319 1.0329 816 1612 14 -1 796 -1
1614 -0.416474 0.0841614 1.25387 1616 816 15 -1 1600 -1
1615 -0.247214 0.0157918 1.42357 1618 817 16 -1 818 -1
1616 -0.344896 0.106451 1.35236 818 1614 817 -1 798 -1
1617 -0.0176555 0.03821 1.49398 1603 1618 17 -1 1619 -1
1618 -0.137879 0.0277635 1.47075 1617 1615 837 -1 819 -1
1619 -0.0262048 0.141217 1.48553 804 819 1617 -1 801 -1
1620 -0.0615566 1.34082 0.637644 1683 1621 1482 -1 -1 -1
1621 -0.126737 1.34177 0.606466 1620 1480 1483 -1 -1 -1
1622 0.0200405 1.34048 0.656963 1685 1683 1462 -1 -1 -1
1623 0.0973658 1.3266 -0.650412 1686 533 532 -1 -1 -1
1624 -0.101314 1.32739 -0.647037 557 1687 556 -1 -1 -1
1625 -0.27385 1.32028 0.477807 1690 1626 1689 -1 -1 -1
1626 -0.299811 1.31941 0.426525 1625 1627 1458 -1 -1 -1
1627 -0.329813 1.31822 0.367785 1626 1628 1459 -1 -1 -1
1628 -0.352247 1.31656 0.308894 1627 1444 644 -1 -1 -1
1629 -0.332722 -1.3024 0.408361 1691 1639 -1 -1 985 -1
1630 0.00442616 -1.33067 -0.683874 247 1631 -1 -1 248 -1
1631 0.0698769 -1.33009 -0.655683 1630 1634 -1 -1 1635 -1
1632 -0.291966 -1.31918 -0.443467 1692 1645 -1 -1 1045 -1
1633 -0.438408 -1.21592 -0.160834 1646 1028 1704 -1 223 -1
1634 0.137885 -1.32858 -0.628207 1631 1695 -1 -1 1636 -1
1635 0.0795327 -1.28783 -0.737036 248 1636 1631 -1 249 -1
1636 0.152703 -1.28447 -0.711003 1635 1677 1634 -1 1062 -1
1637 -0.25509 -1.24001 0.687733 960 1698 1696 -1 962 -1
1638 -0.330714 -1.23429 0.585326 1698 973 1699 -1 974 -1
1639 -0.35916 -1.30172 0.336124 1629 1700 -1 -1 986 -1
1640 -0.209317 -1.32228 -0.589909 1641 1061 -1 -1 1702 -1
1641 -0.228224 -1.32192 -0.56213 1645 1640 -1 -1 1643 -1
1642 -0.330401 -1.2566 -0.540565 1045 1643 1645 -1 246 -1
1643 -0.286343 -1.25707 -0.606029 1642 1702 1641 -1 1644 -1
1644 -0.344462 -1.19221 -0.649928 246 259 1643 -1 258 -1
1645 -0.255756 -1.32096 -0.513322 1632 1641 -1 -1 1642 -1
1646 -0.441905 -1.21553 -0.0884617 1649 1633 1648 -1 215 -1
1647 -0.386151 -1.3043 -0.00716627 1650 1648 -1 -1 1649 -1
1648 -0.381276 -1.30605 -0.0917808 1647 1704 -1 -1 1646 -1
1649 -0.445809 -1.21487 -0.00941609 1655 1646 1647 -1 214 -1
1650 -0.384257 -1.30256 0.0769371 1708 1647 -1 -1 1655 -1
1651 0.0130445 -1.30484 0.732378 1652 1659 -1 -1 944 -1
1652 0.0703221 -1.3019 0.712647 1706 1651 -1 -1 943 -1
1653 0.35465 -1.31628 -0.29744 225 1707 -1 -1 1017 -1
1654 -0.44361 -1.20913 0.147172 1657 1655 1708 -1 994 -1
1655 -0.444845 -1.21231 0.0704915 1654 1649 1650 -1 1007 -1
1656 -0.378041 -1.30031 0.198676 1700 1708 -1 -1 1657 -1
1657 -0.435337 -1.21043 0.211962 1701 1654 1656 -1 195 -1
1658 0.233195 -1.24623 0.708122 154 942 1705 -1 947 -1
1659 -0.0332229 -1.3042 0.724629 1651 170 -1 -1 963 -1
1660 0.35354 -1.30304 0.363293 185 172 -1 -1 976 -1
1661 0.422415 -1.21099 0.308036 1670 976 185 -1 977 -1
1662 0.44301 -1.2127 0.106385 999 1669 998 -1 196 -1
1663 0.30484 -1.25913 -0.573954 1047 1676 1030 -1 1048 -1
1664 0.349144 1.31874 0.308553 1431 1665 632 -1 -1 -1
1665 0.323891 1.32043 0.373565 1664 1666 633 -1 -1 -1
1666 0.291708 1.32134 0.437638 1665 1445 634 -1 -1 -1
1667 0.252614 -1.29865 0.572555 173 153 -1 -1 1668 -1
1668 0.314497 -1.23336 0.611662 155 154 1667 -1 157 -1
1669 0.438371 -1.2111 0.185378 1662 1670 1671 -1 987 -1
1670 0.433514 -1.21117 0.222161 1669 1661 1671 -1 988 -1
1671 0.378674 -1.3003 0.193872 998 185 -1 -1 1669 1670
1672 0.377804 -1.30727 -0.152398 1707 206 -1 -1 1673 -1
1673 0.438186 -1.21709 -0.149551 1018 1674 1672 -1 216 -1
1674 0.442255 -1.21653 -0.0652463 1673 999 206 -1 207 -1
1675 0.279152 -1.32039 -0.466486 1030 225 -1 -1 1676 -1
1676 0.349394 -1.25845 -0.503259 1663 1031 1675 -1 1049 -1
1677 0.212229 -1.2767 -0.677948 1636 1047 1695 -1 250 -1
1678 0.314007 -1.20119 -0.677622 250 1048 1047 -1 251 -1
1679 -0.126658 -1.329 -0.632403 1061 247 -1 -1 1680 -1
1680 -0.143748 -1.2836 -0.716786 1703 1681 1679 -1 1084 -1
1681 -0.0714937 -1.28747 -0.741374 1680 248 247 -1 262 -1
1682 0.236818 1.32995 0.526135 1445 1465 647 -1 -1 -1
1683 -0.0138587 1.34052 0.659671 1622 1620 1481 -1 -1 -1
1684 0.133189 1.3432 0.600681 1465 1685 1460 -1 -1 -1
1685 0.0708197 1.34146 0.632203 1684 1622 1461 -1 -1 -1
1686 0.0483403 1.32595 -0.673738 1688 1623 1346 -1 -1 -1
1687 -0.0532535 1.32598 -0.671479 1624 1688 1359 -1 -1 -1
1688 -0.00258685 1.3257 -0.694781 1687 1686 1360 -1 -1 -1
1689 -0.341463 1.25857 0.519337 662 1458 1477 -1 1625 -1
1690 -0.243106 1.32655 0.523095 1480 1625 662 -1 -1 -1
1691 -0.29868 -1.3007 0.483979 1699 1629 -1 -1 973 -1
1692 -0.330034 -1.31626 -0.373111 1694 1632 -1 -1 1044 -1
1693 -0.370079 -1.3083 -0.219464 1704 1694 -1 -1 1028 -1
1694 -0.356012 -1.314 -0.298472 1693 1692 -1 -1 1029 -1
1695 0.182089 -1.32757 -0.610426 1634 1046 -1 -1 1677 -1
1696 -0.210363 -1.29714 0.6393 171 1697 -1 -1 1637 -1
1697 -0.233403 -1.29789 0.603046 1696 1699 -1 -1 1698 -1
1698 -0.294402 -1.23241 0.643889 1637 1638 1697 -1 150 -1
1699 -0.265341 -1.29929 0.552061 1697 1691 -1 -1 1638 -1
1700 -0.369702 -1.29925 0.267851 1639 1656 -1 -1 1701 -1
1701 -0.425056 -1.21201 0.2827 986 1657 1700 -1 194 -1
1702 -0.25758 -1.2613 -0.640811 1643 1703 1640 -1 259 -1
1703 -0.201668 -1.27832 -0.69057 1702 1680 1061 -1 260 -1
1704 -0.377292 -1.30716 -0.165755 1648 1693 -1 -1 1633 -1
1705 0.189085 -1.30221 0.658706 153 1706 -1 -1 1658 -1
1706 0.129887 -1.30164 0.686434 1705 1652 -1 -1 942 -1
1707 0.370726 -1.30842 -0.213921 1653 1672 -1 -1 1018 -1
1708 -0.382226 -1.30038 0.156574 1656 1650 -1 -1 1654 -1
