0 0.023267 0.0248584 -0.0983893 27 10 149 -1 23 -1
1 0.0231319 0.101321 -0.0121576 2 111 116 -1 -1 -1
2 0.0161055 0.112788 -0.0134747 3 1 117 -1 -1 -1
3 0.00405167 0.118625 -0.0141359 63 2 118 -1 -1 -1
4 -0.0200006 0.0887685 -0.0632923 124 123 77 -1 55 -1
5 0.0151059 0.0546485 -0.054797 128 127 235 -1 204 -1
6 -0.0219404 -0.08361 -0.0216784 -1 57 188 -1 228 -1
7 0.0149653 -0.0765435 -0.0104248 48 189 -1 -1 183 -1
8 -0.0197523 0.0370229 -0.103013 24 143 97 -1 42 -1
9 0.00279798 0.0180461 -0.0698897 222 212 213 -1 205 -1
10 0.022616 0.0222631 -0.0851483 0 222 148 -1 142 -1
11 0.0153968 -0.0193208 -0.0751751 157 216 159 -1 234 -1
12 -0.0238806 -0.0460195 -0.0856566 107 227 164 -1 93 -1
13 -0.0191969 -0.107087 -0.0258847 57 184 187 -1 208 -1
14 -0.0238495 -0.0918145 -0.0338233 228 208 57 -1 176 -1
15 0.016201 -0.094716 -0.062501 174 173 180 -1 105 -1
16 0.0228892 0.0860872 -0.022665 116 115 71 -1 111 -1
17 0.0158932 0.0923725 -0.0664627 126 44 79 -1 74 -1
18 -0.0239296 0.0702949 -0.0655287 78 77 131 -1 124 -1
19 0.0233293 0.0562148 -0.0710653 225 235 137 -1 128 -1
20 -0.00980588 0.0649821 -0.0981644 133 81 139 -1 129 -1
21 0.0225422 0.0563096 -0.0873913 138 137 22 -1 225 -1
22 0.0218009 0.0487986 -0.0938965 41 -1 23 -1 21 -1
23 0.0229441 0.0385524 -0.0951828 144 142 0 -1 22 -1
24 -0.0239201 0.0328293 -0.0911991 82 8 109 -1 140 -1
25 0.00344443 0.0412032 -0.112257 143 144 244 -1 141 -1
26 -0.0202538 0.0186038 -0.0810642 212 109 89 -1 82 -1
27 0.0163421 0.026691 -0.110185 244 0 80 -1 144 -1
28 -0.00904464 0.0123492 -0.11744 146 150 54 -1 145 -1
29 -0.0192801 -0.00233435 -0.11002 30 54 69 -1 146 -1
30 -0.0238809 -0.00305543 -0.0973693 31 29 153 -1 147 -1
31 -0.0206948 -0.00558634 -0.0837208 214 30 156 -1 89 -1
32 -0.019145 -0.0279449 -0.106743 155 65 39 -1 69 -1
33 0.0230061 -0.0258222 -0.099094 158 157 161 -1 229 -1
34 0.00426292 -0.0301929 -0.115562 65 158 35 -1 154 -1
35 0.00418379 -0.0438586 -0.111192 92 95 68 -1 34 -1
36 0.0161267 -0.0538429 -0.0999941 68 240 245 -1 95 -1
37 -0.00885362 -0.117254 -0.014282 187 192 -1 -1 184 -1
38 0.0224381 -0.0495639 -0.0722167 218 230 103 -1 160 -1
39 -0.0193215 -0.0403692 -0.102426 93 92 227 -1 32 -1
40 0.0160041 -0.0152671 -0.112645 154 229 158 -1 86 -1
41 0.0145092 0.0523802 -0.102364 141 22 144 -1 138 -1
42 -0.0196863 0.0491136 -0.0979735 140 139 8 -1 133 -1
43 0.0152631 0.0736258 -0.0874394 108 225 138 -1 79 -1
44 0.023103 0.0827415 -0.0599575 17 91 210 -1 121 -1
45 0.0154031 0.0692465 -0.0351658 53 209 204 -1 115 -1
46 -0.0202585 0.0742486 -0.037605 193 73 83 -1 114 -1
47 -0.00947005 0.103738 -0.0559385 55 122 123 -1 60 -1
48 0.0226557 -0.0873282 -0.0117209 190 7 -1 -1 90 -1
49 0.0042987 -0.112196 -0.0410871 182 50 238 -1 181 -1
50 0.0159963 -0.106864 -0.0388788 49 239 186 -1 180 -1
51 -0.00979655 0.0865962 -0.0798451 77 58 129 -1 123 -1
52 0.00247112 -0.0296593 -0.0657584 159 94 217 -1 216 -1
53 0.0229293 0.0783664 -0.0422187 121 45 91 -1 71 -1
54 -0.00879005 -0.00196884 -0.118164 29 87 202 -1 28 -1
55 -0.019797 0.0963344 -0.0517645 73 47 4 -1 246 -1
56 0.00257607 0.0410298 -0.0593189 235 136 205 -1 127 -1
57 -0.0238343 -0.0952103 -0.0232143 6 13 233 -1 14 -1
58 0.00347034 0.0878991 -0.0811723 51 79 108 -1 126 -1
59 -0.0239458 0.0956198 -0.0114925 66 64 113 -1 -1 -1
60 -0.00929977 0.110029 -0.0426556 246 120 47 -1 112 -1
61 0.0150757 0.0767293 -0.00965849 111 62 115 -1 -1 -1
62 0.00308094 0.0716105 -0.00909505 61 110 232 -1 -1 -1
63 -0.00923412 0.117144 -0.0139366 64 3 112 -1 -1 -1
64 -0.0197423 0.108699 -0.0129655 59 63 84 -1 -1 -1
65 -0.00870061 -0.0299765 -0.114322 32 34 92 -1 202 -1
66 -0.0200663 0.0823068 -0.0101336 110 59 114 -1 -1 -1
67 -0.0214261 -0.0310059 -0.0795297 -1 93 107 -1 156 -1
68 0.00425791 -0.056934 -0.104965 96 36 219 -1 35 -1
69 -0.0189959 -0.0152867 -0.109344 153 202 32 -1 29 -1
70 0.023392 -0.0684279 -0.0742971 167 103 170 -1 218 -1
71 0.0232336 0.0839191 -0.0331743 203 -1 53 -1 16 -1
72 0.0159116 0.106043 -0.041421 120 203 74 -1 117 -1
73 -0.0239521 0.0852536 -0.0452618 46 55 124 -1 223 -1
74 0.0158731 0.0999537 -0.0543654 122 121 17 -1 72 -1
75 -0.0212941 0.0386243 -0.0757934 -1 140 82 -1 135 -1
76 0.00291334 0.0585745 -0.0421971 204 125 127 -1 209 -1
77 -0.0200214 0.0801385 -0.0740012 18 51 130 -1 4 -1
78 -0.0201155 0.0598208 -0.0574814 196 18 132 -1 83 -1
79 0.0157174 0.0834581 -0.0776464 58 210 43 -1 17 -1
80 0.0164796 0.0125606 -0.112544 150 149 86 -1 27 -1
81 0.00285138 0.0661201 -0.0997324 20 138 141 -1 108 -1
82 -0.0207833 0.0292268 -0.0788288 197 24 26 -1 75 -1
83 -0.0199576 0.0674389 -0.0479831 125 124 78 -1 46 -1
84 -0.0196014 0.106353 -0.0265313 113 112 246 -1 64 -1
85 0.0229272 -0.00373452 -0.088859 152 234 224 -1 148 -1
86 0.0162557 -0.00155775 -0.113508 87 152 40 -1 80 -1
87 0.0044281 -0.00167996 -0.119436 54 86 154 -1 150 -1
88 -0.0237555 -0.0829239 -0.0534777 -1 172 176 -1 169 -1
89 -0.020191 0.00701108 -0.0828102 151 147 31 -1 26 -1
90 0.0227843 -0.084446 -0.027083 239 183 48 -1 178 -1
91 0.0227152 0.0713947 -0.0520077 44 204 128 -1 53 -1
92 -0.00888339 -0.0434157 -0.10992 39 35 96 -1 65 -1
93 -0.0238618 -0.0355304 -0.0910529 67 39 12 -1 155 -1
94 -0.011256 -0.0311016 -0.0679938 52 107 99 -1 198 -1
95 0.0159182 -0.0416184 -0.10594 35 161 36 -1 158 -1
96 -0.0090032 -0.0563637 -0.103723 227 68 162 -1 92 -1
97 -0.019738 0.0242028 -0.10666 109 145 146 -1 8 -1
98 -0.0203137 -0.0478963 -0.0681219 99 164 102 -1 107 -1
99 -0.0104471 -0.0419605 -0.0614427 217 98 206 -1 94 -1
100 0.0149267 -0.0612305 -0.047116 241 236 231 -1 166 -1
101 -0.0239202 -0.065788 -0.0703195 102 165 169 -1 164 -1
102 -0.0202121 -0.0571158 -0.0604077 206 101 226 -1 98 -1
103 0.0223525 -0.0594878 -0.0640695 70 166 241 -1 38 -1
104 -0.0194206 -0.0840825 -0.0707375 169 168 172 -1 165 -1
105 0.0164924 -0.0863536 -0.0732556 106 170 15 -1 167 -1
106 0.00459071 -0.0909219 -0.0773591 168 105 174 -1 242 -1
107 -0.0209472 -0.0387745 -0.0749744 94 12 98 -1 67 -1
108 0.00318093 0.0774035 -0.0911714 129 43 81 -1 58 -1
109 -0.0239351 0.0211867 -0.0940642 26 97 147 -1 24 -1
110 -0.00998276 0.0736161 -0.00928204 62 66 119 -1 -1 -1
111 0.0226984 0.0876975 -0.0106926 1 61 16 -1 -1 -1
112 -0.00921018 0.114446 -0.0286067 84 118 60 -1 63 -1
113 -0.02392 0.093972 -0.0237377 114 84 223 -1 59 -1
114 -0.0203882 0.0804424 -0.0222062 119 113 46 -1 66 -1
115 0.0155211 0.0745861 -0.0219404 16 232 45 -1 61 -1
116 0.0230289 0.0992677 -0.0251994 117 16 203 -1 1 -1
117 0.0159897 0.110268 -0.0277181 118 116 72 -1 2 -1
118 0.00402291 0.115913 -0.0290089 112 117 120 -1 3 -1
119 -0.0102773 0.071301 -0.0211482 232 114 193 -1 110 -1
120 0.00394074 0.111435 -0.0433271 60 72 122 -1 118 -1
121 0.0230197 0.089987 -0.0490769 74 53 44 -1 203 -1
122 0.00380755 0.105057 -0.0569473 47 74 126 -1 120 -1
123 -0.00967161 0.0958337 -0.0684515 4 126 51 -1 47 -1
124 -0.0239601 0.0780944 -0.0556178 83 4 18 -1 73 -1
125 -0.00998991 0.0603842 -0.0431376 76 83 196 -1 193 -1
126 0.00368847 0.0972157 -0.0696049 123 17 58 -1 122 -1
127 0.00278814 0.0507378 -0.0512912 5 196 56 -1 76 -1
128 0.0227816 0.0635581 -0.0616749 210 5 19 -1 91 -1
129 -0.00979818 0.0762505 -0.0896735 130 108 20 -1 51 -1
130 -0.0197883 0.0706339 -0.0834887 131 129 133 -1 77 -1
131 -0.0239075 0.0621926 -0.0745293 132 130 134 -1 18 -1
132 -0.0209779 0.0520199 -0.0665127 136 131 135 -1 78 -1
133 -0.019621 0.0603236 -0.0914795 134 20 42 -1 130 -1
134 -0.0238551 0.0535587 -0.0817751 135 133 140 -1 131 -1
135 -0.0217199 0.047235 -0.071725 -1 134 75 -1 132 -1
136 -0.011248 0.0430372 -0.0611541 56 132 197 -1 196 -1
137 0.0233993 0.0494232 -0.0763243 21 -1 142 -1 19 -1
138 0.0147358 0.063172 -0.0957459 81 21 41 -1 43 -1
139 -0.00978792 0.0529633 -0.105197 42 141 143 -1 20 -1
140 -0.0238808 0.0436956 -0.0871596 75 42 24 -1 134 -1
141 0.00285987 0.0541299 -0.106793 139 41 25 -1 81 -1
142 0.0229526 0.0357874 -0.0815499 23 211 10 -1 137 -1
143 -0.00958975 0.0401121 -0.110794 8 25 145 -1 139 -1
144 0.015514 0.0403175 -0.106816 25 23 27 -1 41 -1
145 -0.00930922 0.0265135 -0.114896 97 244 28 -1 143 -1
146 -0.019655 0.010954 -0.109037 147 28 29 -1 97 -1
147 -0.0238913 0.00896596 -0.0960095 89 146 30 -1 109 -1
148 0.0225538 0.00924108 -0.087442 149 194 85 -1 10 -1
149 0.0232783 0.0112869 -0.100827 80 148 152 -1 0 -1
150 0.00440275 0.0129297 -0.118754 28 80 87 -1 244 -1
151 -0.0101076 0.00609911 -0.0740049 213 89 214 -1 212 -1
152 0.0230713 -0.00173171 -0.102311 86 85 229 -1 149 -1
153 -0.0237851 -0.0138827 -0.0976384 -1 69 155 -1 30 -1
154 0.00434139 -0.0161376 -0.11834 202 40 34 -1 87 -1
155 -0.0238362 -0.0244936 -0.0948206 156 32 93 -1 153 -1
156 -0.0208618 -0.0201541 -0.081718 198 155 67 -1 31 -1
157 0.0227603 -0.0222768 -0.0856834 33 11 160 -1 224 -1
158 0.0159859 -0.0286675 -0.110048 34 33 95 -1 40 -1
159 0.0151976 -0.0320164 -0.0705073 160 52 230 -1 11 -1
160 0.0229238 -0.0382854 -0.0802903 240 159 38 -1 157 -1
161 0.0228532 -0.0376046 -0.0959468 95 -1 240 -1 33 -1
162 -0.00904454 -0.068635 -0.0960437 163 219 199 -1 96 -1
163 -0.0196707 -0.0637626 -0.0890377 164 162 165 -1 227 -1
164 -0.0239323 -0.0560802 -0.0785408 98 163 101 -1 12 -1
165 -0.0197274 -0.0744357 -0.0803572 101 199 104 -1 163 -1
166 0.0145778 -0.0526052 -0.0561467 103 195 100 -1 230 -1
167 0.0167352 -0.0764777 -0.0833171 242 70 105 -1 245 -1
168 -0.00877194 -0.0900718 -0.0764494 104 106 171 -1 199 -1
169 -0.0239087 -0.0748827 -0.061494 226 104 88 -1 101 -1
170 0.0232293 -0.0779224 -0.0652359 105 241 173 -1 70 -1
171 -0.00856196 -0.098619 -0.0652288 172 174 175 -1 168 -1
172 -0.0190224 -0.0922691 -0.0606274 88 171 207 -1 104 -1
173 0.0229164 -0.0859402 -0.0562083 15 -1 179 -1 170 -1
174 0.00451943 -0.0995462 -0.0659168 171 15 181 -1 106 -1
175 -0.00856721 -0.105625 -0.0533179 207 181 182 -1 171 -1
176 -0.0238348 -0.0874534 -0.044358 237 207 14 -1 88 -1
177 -0.0109264 -0.0659993 -0.0347775 221 237 243 -1 220 -1
178 0.0227576 -0.0785729 -0.0406572 179 231 90 -1 241 -1
179 0.0231411 -0.0913297 -0.0456263 180 178 239 -1 173 -1
180 0.0162349 -0.101509 -0.0509556 181 179 50 -1 15 -1
181 0.00448015 -0.106697 -0.0538188 175 180 49 -1 174 -1
182 -0.00868687 -0.110977 -0.0407399 208 49 184 -1 175 -1
183 0.0150954 -0.0736954 -0.0235054 90 200 7 -1 231 -1
184 -0.00879595 -0.114842 -0.0276696 13 238 37 -1 182 -1
185 0.0227067 -0.100472 -0.0245494 186 -1 190 -1 239 -1
186 0.0158548 -0.110645 -0.0266225 238 185 191 -1 50 -1
187 -0.0192898 -0.109228 -0.013334 233 37 -1 -1 13 -1
188 -0.0206739 -0.0831608 -0.0108016 201 233 -1 -1 6 -1
189 0.00232572 -0.0714555 -0.00976922 7 201 -1 -1 200 -1
190 0.0232373 -0.100809 -0.0126532 191 48 -1 -1 185 -1
191 0.0161759 -0.112699 -0.0137584 192 190 -1 -1 186 -1
192 0.00424948 -0.118568 -0.0144259 37 191 -1 -1 238 -1
193 -0.0102593 0.0667459 -0.0327927 209 46 125 -1 119 -1
194 0.0149863 0.00730967 -0.076935 148 213 234 -1 222 -1
195 0.00251887 -0.0495187 -0.0524592 166 206 236 -1 217 -1
196 -0.0102403 0.052642 -0.0523842 127 78 136 -1 125 -1
197 -0.0110451 0.0294347 -0.0686437 205 82 212 -1 136 -1
198 -0.0109031 -0.0183789 -0.0723345 216 156 94 -1 214 -1
199 -0.00900011 -0.0800381 -0.0868823 165 242 168 -1 162 -1
200 0.00241039 -0.0686911 -0.02197 183 243 189 -1 221 -1
201 -0.0110333 -0.0740212 -0.0101016 189 188 -1 -1 243 -1
202 -0.00861334 -0.0161318 -0.117088 69 154 65 -1 54 -1
203 0.0229245 0.0956497 -0.0375715 72 71 121 -1 116 -1
204 0.0149487 0.0625416 -0.0454154 91 76 5 -1 45 -1
205 0.00249307 0.0297526 -0.0657258 211 197 9 -1 56 -1
206 -0.0103444 -0.0511184 -0.0539556 195 102 220 -1 99 -1
207 -0.0190316 -0.0986511 -0.0497327 176 175 208 -1 172 -1
208 -0.019134 -0.103512 -0.0380659 14 182 13 -1 207 -1
209 0.00311614 0.0647692 -0.0320399 45 193 76 -1 232 -1
210 0.0230154 0.0745636 -0.0702943 79 128 225 -1 44 -1
211 0.0153171 0.0321095 -0.0706093 142 205 222 -1 235 -1
212 -0.0101359 0.0175926 -0.0721089 9 26 151 -1 197 -1
213 0.00294113 0.00626554 -0.0719342 194 151 215 -1 9 -1
214 -0.0105242 -0.00593512 -0.0742702 215 31 198 -1 151 -1
215 0.0029564 -0.0057742 -0.0720068 234 214 216 -1 213 -1
216 0.00273657 -0.0179633 -0.0698812 11 198 52 -1 215 -1
217 0.00247546 -0.0402799 -0.0598259 230 99 195 -1 52 -1
218 0.0233268 -0.058156 -0.0828515 245 38 70 -1 240 -1
219 0.00444258 -0.0693128 -0.0972405 162 245 242 -1 68 -1
220 -0.0106153 -0.0592221 -0.045182 236 226 177 -1 206 -1
221 0.00258342 -0.0639366 -0.0334192 231 177 200 -1 236 -1
222 0.0149326 0.019684 -0.0746978 10 9 194 -1 211 -1
223 -0.0238774 0.0910234 -0.0350058 -1 246 73 -1 113 -1
224 0.0234565 -0.0107044 -0.0906293 229 -1 157 -1 85 -1
225 0.0226944 0.0659207 -0.0796618 43 19 21 -1 210 -1
226 -0.0205105 -0.0658945 -0.0514901 220 169 237 -1 102 -1
227 -0.0194817 -0.0523417 -0.0965045 12 96 163 -1 39 -1
228 -0.020998 -0.0797138 -0.0277806 243 14 6 -1 237 -1
229 0.0229079 -0.0138087 -0.101916 40 224 33 -1 152 -1
230 0.0146898 -0.0430258 -0.0638585 38 217 166 -1 159 -1
231 0.0152268 -0.068619 -0.0359833 178 221 183 -1 100 -1
232 0.00320376 0.0691644 -0.0207539 115 119 209 -1 62 -1
233 -0.0238778 -0.0967271 -0.0119043 188 187 -1 -1 57 -1
234 0.0154674 -0.00572425 -0.0774802 85 215 11 -1 194 -1
235 0.0158402 0.0446394 -0.0639461 19 56 211 -1 5 -1
236 0.00259795 -0.0574358 -0.0436979 100 220 221 -1 195 -1
237 -0.0208896 -0.0743124 -0.0396339 177 176 228 -1 226 -1
238 0.00419202 -0.116134 -0.0279375 184 186 192 -1 49 -1
239 0.0230367 -0.0965696 -0.0341788 50 90 185 -1 179 -1
240 0.0230493 -0.0478596 -0.0905244 36 160 218 -1 161 -1
241 0.0225811 -0.0686305 -0.0549781 170 100 178 -1 103 -1
242 0.00457918 -0.0808082 -0.0879193 199 167 106 -1 219 -1
243 -0.0112068 -0.0711732 -0.0230036 200 228 201 -1 177 -1
244 0.00412135 0.0273419 -0.116318 145 27 150 -1 25 -1
245 0.0165389 -0.0654858 -0.092297 219 218 167 -1 36 -1
246 -0.0196289 0.102343 -0.0395467 223 60 55 -1 84 -1
